0 0.125217
100 0.125026
200 0.124893
300 0.124785
400 0.124687
500 0.124587
600 0.124477
700 0.124351
800 0.124201
900 0.124018
1000 0.123788
1100 0.123497
1200 0.123123
1300 0.122637
1400 0.122004
1500 0.121179
1600 0.12011
1700 0.118746
1800 0.117045
1900 0.114993
2000 0.112621
2100 0.110004
2200 0.107252
2300 0.104475
2400 0.101761
2500 0.0991557
2600 0.096672
2700 0.0943007
2800 0.0920282
2900 0.0898472
3000 0.0877608
3100 0.0857808
3200 0.0839223
3300 0.082198
3400 0.080614
3500 0.0791691
3600 0.0778541
3700 0.0766526
3800 0.0755386
3900 0.0744673
4000 0.0733387
4100 0.071824
4200 0.0680083
4300 0.0515416
4400 0.0351563
4500 0.0252593
4600 0.0190643
4700 0.0150681
4800 0.0123587
4900 0.0104285
5000 0.00899397
5100 0.00789028
5200 0.00701689
5300 0.00630966
5400 0.00572599
5500 0.00523656
5600 0.00482057
5700 0.00446289
5800 0.00415224
5900 0.00388007
6000 0.00363975
6100 0.00342611
6200 0.00323499
6300 0.00306309
6400 0.00290769
6500 0.00276658
6600 0.00263789
6700 0.0025201
6800 0.0024119
6900 0.00231218
7000 0.00222001
7100 0.00213457
7200 0.00205518
7300 0.00198121
7400 0.00191215
7500 0.00184753
7600 0.00178694
7700 0.00173003
7800 0.00167647
7900 0.00162599
8000 0.00157834
8100 0.00153327
8200 0.0014906
8300 0.00145015
8400 0.00141174
8500 0.00137523
8600 0.00134048
8700 0.00130738
8800 0.0012758
8900 0.00124565
9000 0.00121684
9100 0.00118928
9200 0.00116289
9300 0.0011376
9400 0.00111334
9500 0.00109006
9600 0.00106769
9700 0.00104619
9800 0.00102551
9900 0.00100559
10000 0.000986409
10100 0.000967916
10200 0.000950078
10300 0.000932861
10400 0.000916235
10500 0.000900169
10600 0.000884637
10700 0.000869613
10800 0.000855072
10900 0.000840992
11000 0.000827352
11100 0.000814132
11200 0.000801314
11300 0.000788878
11400 0.000776809
11500 0.000765092
11600 0.00075371
11700 0.000742651
11800 0.0007319
11900 0.000721446
12000 0.000711276
12100 0.00070138
12200 0.000691746
12300 0.000682364
12400 0.000673225
12500 0.000664319
12600 0.000655639
12700 0.000647175
12800 0.00063892
12900 0.000630865
13000 0.000623005
13100 0.000615332
13200 0.00060784
13300 0.000600523
13400 0.000593374
13500 0.000586387
13600 0.000579559
13700 0.000572882
13800 0.000566353
13900 0.000559966
14000 0.000553718
14100 0.000547603
14200 0.000541617
14300 0.000535758
14400 0.000530019
14500 0.000524399
14600 0.000518893
14700 0.000513498
14800 0.00050821
14900 0.000503027
15000 0.000497946
15100 0.000492963
15200 0.000488077
15300 0.000483283
15400 0.00047858
15500 0.000473964
15600 0.000469435
15700 0.000464988
15800 0.000460623
15900 0.000456336
16000 0.000452127
16100 0.000447992
16200 0.000443929
16300 0.000439938
16400 0.000436016
16500 0.000432161
16600 0.000428372
16700 0.000424647
16800 0.000420984
16900 0.000417383
17000 0.00041384
17100 0.000410356
17200 0.000406928
17300 0.000403555
17400 0.000400237
17500 0.000396971
17600 0.000393756
17700 0.000390592
17800 0.000387477
17900 0.000384409
18000 0.000381389
18100 0.000378414
18200 0.000375484
18300 0.000372598
18400 0.000369755
18500 0.000366954
18600 0.000364194
18700 0.000361474
18800 0.000358793
18900 0.000356151
19000 0.000353546
19100 0.000350978
19200 0.000348446
19300 0.00034595
19400 0.000343488
19500 0.00034106
19600 0.000338665
19700 0.000336303
19800 0.000333972
19900 0.000331673
20000 0.000329405
20100 0.000327166
20200 0.000324957
20300 0.000322777
20400 0.000320625
20500 0.000318501
20600 0.000316404
20700 0.000314334
20800 0.00031229
20900 0.000310272
21000 0.00030828
21100 0.000306312
21200 0.000304368
21300 0.000302448
21400 0.000300552
21500 0.000298679
21600 0.000296828
21700 0.000295
21800 0.000293193
21900 0.000291408
22000 0.000289644
22100 0.000287901
22200 0.000286178
22300 0.000284475
22400 0.000282792
22500 0.000281128
22600 0.000279483
22700 0.000277857
22800 0.000276249
22900 0.000274659
23000 0.000273087
23100 0.000271533
23200 0.000269995
23300 0.000268475
23400 0.000266971
23500 0.000265483
23600 0.000264012
23700 0.000262556
23800 0.000261116
23900 0.000259692
24000 0.000258282
24100 0.000256888
24200 0.000255508
24300 0.000254142
24400 0.00025279
24500 0.000251453
24600 0.000250129
24700 0.000248819
24800 0.000247522
24900 0.000246239
25000 0.000244968
25100 0.00024371
25200 0.000242464
25300 0.000241231
25400 0.000240011
25500 0.000238802
25600 0.000237605
25700 0.000236419
25800 0.000235245
25900 0.000234083
26000 0.000232932
26100 0.000231791
26200 0.000230662
26300 0.000229543
26400 0.000228435
26500 0.000227337
26600 0.00022625
26700 0.000225173
26800 0.000224105
26900 0.000223048
27000 0.000222
27100 0.000220962
27200 0.000219933
27300 0.000218913
27400 0.000217903
27500 0.000216902
27600 0.00021591
27700 0.000214926
27800 0.000213952
27900 0.000212986
28000 0.000212028
28100 0.000211079
28200 0.000210138
28300 0.000209206
28400 0.000208281
28500 0.000207364
28600 0.000206455
28700 0.000205554
28800 0.000204661
28900 0.000203775
29000 0.000202897
29100 0.000202026
29200 0.000201162
29300 0.000200306
29400 0.000199456
29500 0.000198614
29600 0.000197779
29700 0.00019695
29800 0.000196128
29900 0.000195313
30000 0.000194505
30100 0.000193703
30200 0.000192907
30300 0.000192118
30400 0.000191335
30500 0.000190559
30600 0.000189788
30700 0.000189024
30800 0.000188265
30900 0.000187513
31000 0.000186766
31100 0.000186025
31200 0.00018529
31300 0.000184561
31400 0.000183837
31500 0.000183119
31600 0.000182406
31700 0.000181699
31800 0.000180997
31900 0.0001803
32000 0.000179609
32100 0.000178922
32200 0.000178241
32300 0.000177565
32400 0.000176894
32500 0.000176228
32600 0.000175567
32700 0.00017491
32800 0.000174259
32900 0.000173612
33000 0.000172969
33100 0.000172332
33200 0.000171699
33300 0.00017107
33400 0.000170447
33500 0.000169827
33600 0.000169212
33700 0.000168601
33800 0.000167995
33900 0.000167393
34000 0.000166795
34100 0.000166201
34200 0.000165611
34300 0.000165026
34400 0.000164444
34500 0.000163867
34600 0.000163293
34700 0.000162723
34800 0.000162158
34900 0.000161596
35000 0.000161038
35100 0.000160483
35200 0.000159933
35300 0.000159386
35400 0.000158843
35500 0.000158303
35600 0.000157767
35700 0.000157234
35800 0.000156705
35900 0.00015618
36000 0.000155658
36100 0.000155139
36200 0.000154624
36300 0.000154112
36400 0.000153603
36500 0.000153098
36600 0.000152596
36700 0.000152097
36800 0.000151602
36900 0.000151109
37000 0.00015062
37100 0.000150133
37200 0.00014965
37300 0.00014917
37400 0.000148693
37500 0.000148219
37600 0.000147747
37700 0.000147279
37800 0.000146814
37900 0.000146351
38000 0.000145892
38100 0.000145435
38200 0.000144981
38300 0.000144529
38400 0.000144081
38500 0.000143635
38600 0.000143192
38700 0.000142752
38800 0.000142314
38900 0.000141879
39000 0.000141446
39100 0.000141016
39200 0.000140589
39300 0.000140164
39400 0.000139742
39500 0.000139322
39600 0.000138904
39700 0.00013849
39800 0.000138077
39900 0.000137667
40000 0.000137259
40100 0.000136854
40200 0.000136451
40300 0.00013605
40400 0.000135652
40500 0.000135256
40600 0.000134862
40700 0.00013447
40800 0.000134081
40900 0.000133694
41000 0.000133309
41100 0.000132926
41200 0.000132545
41300 0.000132167
41400 0.00013179
41500 0.000131416
41600 0.000131044
41700 0.000130674
41800 0.000130306
41900 0.00012994
42000 0.000129576
42100 0.000129213
42200 0.000128853
42300 0.000128495
42400 0.000128139
42500 0.000127785
42600 0.000127433
42700 0.000127082
42800 0.000126734
42900 0.000126387
43000 0.000126042
43100 0.000125699
43200 0.000125358
43300 0.000125019
43400 0.000124681
43500 0.000124346
43600 0.000124012
43700 0.000123679
43800 0.000123349
43900 0.00012302
44000 0.000122693
44100 0.000122368
44200 0.000122044
44300 0.000121722
44400 0.000121402
44500 0.000121084
44600 0.000120767
44700 0.000120451
44800 0.000120138
44900 0.000119825
45000 0.000119515
45100 0.000119206
45200 0.000118899
45300 0.000118593
45400 0.000118288
45500 0.000117986
45600 0.000117684
45700 0.000117385
45800 0.000117086
45900 0.00011679
46000 0.000116494
46100 0.0001162
46200 0.000115908
46300 0.000115617
46400 0.000115328
46500 0.00011504
46600 0.000114753
46700 0.000114468
46800 0.000114184
46900 0.000113901
47000 0.00011362
47100 0.00011334
47200 0.000113062
47300 0.000112785
47400 0.000112509
47500 0.000112235
47600 0.000111962
47700 0.00011169
47800 0.000111419
47900 0.00011115
48000 0.000110882
48100 0.000110616
48200 0.00011035
48300 0.000110086
48400 0.000109823
48500 0.000109561
48600 0.000109301
48700 0.000109042
48800 0.000108784
48900 0.000108527
49000 0.000108271
49100 0.000108017
49200 0.000107763
49300 0.000107511
49400 0.00010726
49500 0.00010701
49600 0.000106762
49700 0.000106514
49800 0.000106268
49900 0.000106022
50000 0.000105778
50100 0.000105535
50200 0.000105293
50300 0.000105052
50400 0.000104812
50500 0.000104573
50600 0.000104336
50700 0.000104099
50800 0.000103863
50900 0.000103629
51000 0.000103395
51100 0.000103163
51200 0.000102932
51300 0.000102701
51400 0.000102472
51500 0.000102243
51600 0.000102016
51700 0.00010179
51800 0.000101564
51900 0.00010134
52000 0.000101116
52100 0.000100894
52200 0.000100672
52300 0.000100452
52400 0.000100232
52500 0.000100013
52600 9.97955e-05
52700 9.95787e-05
52800 9.93628e-05
52900 9.91478e-05
53000 9.89337e-05
53100 9.87206e-05
53200 9.85083e-05
53300 9.8297e-05
53400 9.80865e-05
53500 9.78769e-05
53600 9.76682e-05
53700 9.74604e-05
53800 9.72534e-05
53900 9.70473e-05
54000 9.68421e-05
54100 9.66377e-05
54200 9.64341e-05
54300 9.62314e-05
54400 9.60296e-05
54500 9.58285e-05
54600 9.56283e-05
54700 9.54289e-05
54800 9.52304e-05
54900 9.50326e-05
55000 9.48356e-05
55100 9.46395e-05
55200 9.44441e-05
55300 9.42496e-05
55400 9.40558e-05
55500 9.38628e-05
55600 9.36706e-05
55700 9.34792e-05
55800 9.32885e-05
55900 9.30986e-05
56000 9.29094e-05
56100 9.2721e-05
56200 9.25334e-05
56300 9.23465e-05
56400 9.21603e-05
56500 9.19749e-05
56600 9.17902e-05
56700 9.16063e-05
56800 9.1423e-05
56900 9.12405e-05
57000 9.10587e-05
57100 9.08777e-05
57200 9.06973e-05
57300 9.05176e-05
57400 9.03386e-05
57500 9.01603e-05
57600 8.99828e-05
57700 8.98059e-05
57800 8.96296e-05
57900 8.94541e-05
58000 8.92792e-05
58100 8.9105e-05
58200 8.89315e-05
58300 8.87587e-05
58400 8.85865e-05
58500 8.84149e-05
58600 8.8244e-05
58700 8.80738e-05
58800 8.79042e-05
58900 8.77352e-05
59000 8.75669e-05
59100 8.73992e-05
59200 8.72322e-05
59300 8.70658e-05
59400 8.69e-05
59500 8.67348e-05
59600 8.65702e-05
59700 8.64063e-05
59800 8.6243e-05
59900 8.60802e-05
60000 8.59181e-05
60100 8.57566e-05
60200 8.55956e-05
60300 8.54353e-05
60400 8.52756e-05
60500 8.51164e-05
60600 8.49578e-05
60700 8.47998e-05
60800 8.46424e-05
60900 8.44856e-05
61000 8.43293e-05
61100 8.41736e-05
61200 8.40185e-05
61300 8.38639e-05
61400 8.37099e-05
61500 8.35564e-05
61600 8.34035e-05
61700 8.32512e-05
61800 8.30993e-05
61900 8.29481e-05
62000 8.27974e-05
62100 8.26472e-05
62200 8.24975e-05
62300 8.23484e-05
62400 8.21998e-05
62500 8.20518e-05
62600 8.19042e-05
62700 8.17572e-05
62800 8.16107e-05
62900 8.14647e-05
63000 8.13193e-05
63100 8.11743e-05
63200 8.10299e-05
63300 8.08859e-05
63400 8.07425e-05
63500 8.05996e-05
63600 8.04571e-05
63700 8.03152e-05
63800 8.01737e-05
63900 8.00328e-05
64000 7.98923e-05
64100 7.97523e-05
64200 7.96128e-05
64300 7.94738e-05
64400 7.93352e-05
64500 7.91971e-05
64600 7.90595e-05
64700 7.89224e-05
64800 7.87857e-05
64900 7.86495e-05
65000 7.85138e-05
65100 7.83785e-05
65200 7.82437e-05
65300 7.81093e-05
65400 7.79754e-05
65500 7.7842e-05
65600 7.7709e-05
65700 7.75764e-05
65800 7.74443e-05
65900 7.73126e-05
66000 7.71814e-05
66100 7.70506e-05
66200 7.69202e-05
66300 7.67903e-05
66400 7.66608e-05
66500 7.65318e-05
66600 7.64031e-05
66700 7.62749e-05
66800 7.61471e-05
66900 7.60198e-05
67000 7.58928e-05
67100 7.57663e-05
67200 7.56402e-05
67300 7.55145e-05
67400 7.53892e-05
67500 7.52643e-05
67600 7.51398e-05
67700 7.50158e-05
67800 7.48921e-05
67900 7.47688e-05
68000 7.4646e-05
68100 7.45235e-05
68200 7.44014e-05
68300 7.42797e-05
68400 7.41585e-05
68500 7.40376e-05
68600 7.3917e-05
68700 7.37969e-05
68800 7.36772e-05
68900 7.35578e-05
69000 7.34388e-05
69100 7.33202e-05
69200 7.3202e-05
69300 7.30842e-05
69400 7.29667e-05
69500 7.28496e-05
69600 7.27329e-05
69700 7.26165e-05
69800 7.25005e-05
69900 7.23849e-05
70000 7.22696e-05
70100 7.21547e-05
70200 7.20401e-05
70300 7.1926e-05
70400 7.18121e-05
70500 7.16986e-05
70600 7.15855e-05
70700 7.14727e-05
70800 7.13603e-05
70900 7.12482e-05
71000 7.11365e-05
71100 7.10251e-05
71200 7.09141e-05
71300 7.08034e-05
71400 7.0693e-05
71500 7.0583e-05
71600 7.04733e-05
71700 7.03639e-05
71800 7.02549e-05
71900 7.01462e-05
72000 7.00379e-05
72100 6.99299e-05
72200 6.98222e-05
72300 6.97148e-05
72400 6.96078e-05
72500 6.9501e-05
72600 6.93946e-05
72700 6.92886e-05
72800 6.91828e-05
72900 6.90774e-05
73000 6.89722e-05
73100 6.88674e-05
73200 6.87629e-05
73300 6.86587e-05
73400 6.85549e-05
73500 6.84513e-05
73600 6.8348e-05
73700 6.82451e-05
73800 6.81425e-05
73900 6.80401e-05
74000 6.79381e-05
74100 6.78363e-05
74200 6.77349e-05
74300 6.76338e-05
74400 6.75329e-05
74500 6.74324e-05
74600 6.73321e-05
74700 6.72322e-05
74800 6.71325e-05
74900 6.70331e-05
75000 6.69341e-05
75100 6.68353e-05
75200 6.67368e-05
75300 6.66385e-05
75400 6.65406e-05
75500 6.64429e-05
75600 6.63456e-05
75700 6.62485e-05
75800 6.61517e-05
75900 6.60551e-05
76000 6.59589e-05
76100 6.58629e-05
76200 6.57672e-05
76300 6.56718e-05
76400 6.55766e-05
76500 6.54817e-05
76600 6.53871e-05
76700 6.52928e-05
76800 6.51987e-05
76900 6.51049e-05
77000 6.50113e-05
77100 6.4918e-05
77200 6.4825e-05
77300 6.47323e-05
77400 6.46398e-05
77500 6.45475e-05
77600 6.44556e-05
77700 6.43639e-05
77800 6.42724e-05
77900 6.41812e-05
78000 6.40903e-05
78100 6.39996e-05
78200 6.39091e-05
78300 6.38189e-05
78400 6.3729e-05
78500 6.36393e-05
78600 6.35499e-05
78700 6.34607e-05
78800 6.33717e-05
78900 6.3283e-05
79000 6.31946e-05
79100 6.31064e-05
79200 6.30184e-05
79300 6.29307e-05
79400 6.28432e-05
79500 6.27559e-05
79600 6.26689e-05
79700 6.25821e-05
79800 6.24956e-05
79900 6.24093e-05
80000 6.23232e-05
80100 6.22374e-05
80200 6.21518e-05
80300 6.20664e-05
80400 6.19813e-05
80500 6.18964e-05
80600 6.18117e-05
80700 6.17273e-05
80800 6.16431e-05
80900 6.15591e-05
81000 6.14753e-05
81100 6.13918e-05
81200 6.13084e-05
81300 6.12253e-05
81400 6.11425e-05
81500 6.10598e-05
81600 6.09774e-05
81700 6.08952e-05
81800 6.08132e-05
81900 6.07314e-05
82000 6.06498e-05
82100 6.05685e-05
82200 6.04873e-05
82300 6.04064e-05
82400 6.03257e-05
82500 6.02452e-05
82600 6.01649e-05
82700 6.00849e-05
82800 6.0005e-05
82900 5.99254e-05
83000 5.98459e-05
83100 5.97667e-05
83200 5.96877e-05
83300 5.96088e-05
83400 5.95302e-05
83500 5.94518e-05
83600 5.93736e-05
83700 5.92956e-05
83800 5.92178e-05
83900 5.91402e-05
84000 5.90628e-05
84100 5.89856e-05
84200 5.89086e-05
84300 5.88318e-05
84400 5.87552e-05
84500 5.86788e-05
84600 5.86025e-05
84700 5.85265e-05
84800 5.84507e-05
84900 5.83751e-05
85000 5.82996e-05
85100 5.82244e-05
85200 5.81493e-05
85300 5.80744e-05
85400 5.79998e-05
85500 5.79253e-05
85600 5.7851e-05
85700 5.77769e-05
85800 5.7703e-05
85900 5.76292e-05
86000 5.75557e-05
86100 5.74823e-05
86200 5.74091e-05
86300 5.73361e-05
86400 5.72633e-05
86500 5.71907e-05
86600 5.71182e-05
86700 5.70459e-05
86800 5.69739e-05
86900 5.69019e-05
87000 5.68302e-05
87100 5.67587e-05
87200 5.66873e-05
87300 5.66161e-05
87400 5.65451e-05
87500 5.64742e-05
87600 5.64035e-05
87700 5.6333e-05
87800 5.62627e-05
87900 5.61926e-05
88000 5.61226e-05
88100 5.60528e-05
88200 5.59831e-05
88300 5.59137e-05
88400 5.58444e-05
88500 5.57753e-05
88600 5.57063e-05
88700 5.56375e-05
88800 5.55689e-05
88900 5.55004e-05
89000 5.54321e-05
89100 5.5364e-05
89200 5.52961e-05
89300 5.52283e-05
89400 5.51606e-05
89500 5.50932e-05
89600 5.50259e-05
89700 5.49587e-05
89800 5.48918e-05
89900 5.48249e-05
90000 5.47583e-05
90100 5.46918e-05
90200 5.46254e-05
90300 5.45593e-05
90400 5.44932e-05
90500 5.44274e-05
90600 5.43617e-05
90700 5.42961e-05
90800 5.42307e-05
90900 5.41655e-05
91000 5.41004e-05
91100 5.40354e-05
91200 5.39707e-05
91300 5.3906e-05
91400 5.38416e-05
91500 5.37772e-05
91600 5.37131e-05
91700 5.36491e-05
91800 5.35852e-05
91900 5.35215e-05
92000 5.34579e-05
92100 5.33945e-05
92200 5.33312e-05
92300 5.32681e-05
92400 5.32051e-05
92500 5.31423e-05
92600 5.30796e-05
92700 5.30171e-05
92800 5.29547e-05
92900 5.28924e-05
93000 5.28303e-05
93100 5.27684e-05
93200 5.27066e-05
93300 5.26449e-05
93400 5.25833e-05
93500 5.2522e-05
93600 5.24607e-05
93700 5.23996e-05
93800 5.23386e-05
93900 5.22778e-05
94000 5.22171e-05
94100 5.21566e-05
94200 5.20962e-05
94300 5.20359e-05
94400 5.19758e-05
94500 5.19158e-05
94600 5.18559e-05
94700 5.17962e-05
94800 5.17366e-05
94900 5.16771e-05
95000 5.16178e-05
95100 5.15586e-05
95200 5.14996e-05
95300 5.14407e-05
95400 5.13819e-05
95500 5.13232e-05
95600 5.12647e-05
95700 5.12063e-05
95800 5.11481e-05
95900 5.10899e-05
96000 5.10319e-05
96100 5.09741e-05
96200 5.09163e-05
96300 5.08587e-05
96400 5.08013e-05
96500 5.07439e-05
96600 5.06867e-05
96700 5.06296e-05
96800 5.05726e-05
96900 5.05158e-05
97000 5.04591e-05
97100 5.04025e-05
97200 5.0346e-05
97300 5.02897e-05
97400 5.02334e-05
97500 5.01773e-05
97600 5.01214e-05
97700 5.00655e-05
97800 5.00098e-05
97900 4.99542e-05
98000 4.98987e-05
98100 4.98434e-05
98200 4.97881e-05
98300 4.9733e-05
98400 4.9678e-05
98500 4.96231e-05
98600 4.95684e-05
98700 4.95138e-05
98800 4.94592e-05
98900 4.94048e-05
99000 4.93506e-05
99100 4.92964e-05
99200 4.92423e-05
99300 4.91884e-05
99400 4.91346e-05
99500 4.90809e-05
99600 4.90273e-05
99700 4.89739e-05
99800 4.89205e-05
99900 4.88673e-05
100000 4.88142e-05
100100 4.87611e-05
100200 4.87082e-05
100300 4.86555e-05
100400 4.86028e-05
100500 4.85502e-05
100600 4.84978e-05
100700 4.84455e-05
100800 4.83932e-05
100900 4.83411e-05
101000 4.82891e-05
101100 4.82373e-05
101200 4.81855e-05
101300 4.81338e-05
101400 4.80822e-05
101500 4.80308e-05
101600 4.79795e-05
101700 4.79282e-05
101800 4.78771e-05
101900 4.78261e-05
102000 4.77752e-05
102100 4.77244e-05
102200 4.76737e-05
102300 4.76231e-05
102400 4.75726e-05
102500 4.75222e-05
102600 4.74719e-05
102700 4.74218e-05
102800 4.73717e-05
102900 4.73217e-05
103000 4.72719e-05
103100 4.72221e-05
103200 4.71725e-05
103300 4.71229e-05
103400 4.70735e-05
103500 4.70242e-05
103600 4.69749e-05
103700 4.69258e-05
103800 4.68767e-05
103900 4.68278e-05
104000 4.6779e-05
104100 4.67302e-05
104200 4.66816e-05
104300 4.66331e-05
104400 4.65846e-05
104500 4.65363e-05
104600 4.64881e-05
104700 4.64399e-05
104800 4.63919e-05
104900 4.6344e-05
105000 4.62961e-05
105100 4.62484e-05
105200 4.62007e-05
105300 4.61532e-05
105400 4.61057e-05
105500 4.60584e-05
105600 4.60111e-05
105700 4.59639e-05
105800 4.59169e-05
105900 4.58699e-05
106000 4.5823e-05
106100 4.57762e-05
106200 4.57295e-05
106300 4.56829e-05
106400 4.56364e-05
106500 4.559e-05
106600 4.55437e-05
106700 4.54975e-05
106800 4.54513e-05
106900 4.54053e-05
107000 4.53593e-05
107100 4.53135e-05
107200 4.52677e-05
107300 4.5222e-05
107400 4.51765e-05
107500 4.5131e-05
107600 4.50856e-05
107700 4.50402e-05
107800 4.4995e-05
107900 4.49499e-05
108000 4.49049e-05
108100 4.48599e-05
108200 4.4815e-05
108300 4.47703e-05
108400 4.47256e-05
108500 4.4681e-05
108600 4.46365e-05
108700 4.4592e-05
108800 4.45477e-05
108900 4.45034e-05
109000 4.44593e-05
109100 4.44152e-05
109200 4.43712e-05
109300 4.43273e-05
109400 4.42835e-05
109500 4.42398e-05
109600 4.41961e-05
109700 4.41525e-05
109800 4.41091e-05
109900 4.40657e-05
110000 4.40224e-05
110100 4.39791e-05
110200 4.3936e-05
110300 4.38929e-05
110400 4.385e-05
110500 4.38071e-05
110600 4.37643e-05
110700 4.37215e-05
110800 4.36789e-05
110900 4.36363e-05
111000 4.35938e-05
111100 4.35514e-05
111200 4.35091e-05
111300 4.34669e-05
111400 4.34247e-05
111500 4.33827e-05
111600 4.33407e-05
111700 4.32988e-05
111800 4.32569e-05
111900 4.32152e-05
112000 4.31735e-05
112100 4.31319e-05
112200 4.30904e-05
112300 4.30489e-05
112400 4.30076e-05
112500 4.29663e-05
112600 4.29251e-05
112700 4.2884e-05
112800 4.28429e-05
112900 4.2802e-05
113000 4.27611e-05
113100 4.27203e-05
113200 4.26795e-05
113300 4.26389e-05
113400 4.25983e-05
113500 4.25578e-05
113600 4.25173e-05
113700 4.2477e-05
113800 4.24367e-05
113900 4.23965e-05
114000 4.23564e-05
114100 4.23163e-05
114200 4.22763e-05
114300 4.22364e-05
114400 4.21966e-05
114500 4.21568e-05
114600 4.21172e-05
114700 4.20776e-05
114800 4.2038e-05
114900 4.19986e-05
115000 4.19592e-05
115100 4.19199e-05
115200 4.18806e-05
115300 4.18414e-05
115400 4.18023e-05
115500 4.17633e-05
115600 4.17244e-05
115700 4.16855e-05
115800 4.16467e-05
115900 4.16079e-05
116000 4.15693e-05
116100 4.15307e-05
116200 4.14921e-05
116300 4.14537e-05
116400 4.14153e-05
116500 4.1377e-05
116600 4.13387e-05
116700 4.13006e-05
116800 4.12625e-05
116900 4.12244e-05
117000 4.11864e-05
117100 4.11485e-05
117200 4.11107e-05
117300 4.1073e-05
117400 4.10353e-05
117500 4.09976e-05
117600 4.09601e-05
117700 4.09226e-05
117800 4.08852e-05
117900 4.08478e-05
118000 4.08105e-05
118100 4.07733e-05
118200 4.07362e-05
118300 4.06991e-05
118400 4.06621e-05
118500 4.06251e-05
118600 4.05882e-05
118700 4.05514e-05
118800 4.05147e-05
118900 4.0478e-05
119000 4.04414e-05
119100 4.04048e-05
119200 4.03683e-05
119300 4.03319e-05
119400 4.02955e-05
119500 4.02592e-05
119600 4.0223e-05
119700 4.01868e-05
119800 4.01507e-05
119900 4.01147e-05
120000 4.00787e-05
120100 4.00428e-05
120200 4.0007e-05
120300 3.99712e-05
120400 3.99354e-05
120500 3.98998e-05
120600 3.98642e-05
120700 3.98287e-05
120800 3.97932e-05
120900 3.97578e-05
121000 3.97224e-05
121100 3.96872e-05
121200 3.96519e-05
121300 3.96168e-05
121400 3.95817e-05
121500 3.95466e-05
121600 3.95117e-05
121700 3.94768e-05
121800 3.94419e-05
121900 3.94071e-05
122000 3.93724e-05
122100 3.93377e-05
122200 3.93031e-05
122300 3.92685e-05
122400 3.92341e-05
122500 3.91996e-05
122600 3.91652e-05
122700 3.91309e-05
122800 3.90967e-05
122900 3.90625e-05
123000 3.90284e-05
123100 3.89943e-05
123200 3.89603e-05
123300 3.89263e-05
123400 3.88924e-05
123500 3.88586e-05
123600 3.88248e-05
123700 3.87911e-05
123800 3.87574e-05
123900 3.87238e-05
124000 3.86902e-05
124100 3.86567e-05
124200 3.86233e-05
124300 3.85899e-05
124400 3.85566e-05
124500 3.85233e-05
124600 3.84901e-05
124700 3.8457e-05
124800 3.84239e-05
124900 3.83908e-05
125000 3.83578e-05
125100 3.83249e-05
125200 3.8292e-05
125300 3.82592e-05
125400 3.82265e-05
125500 3.81938e-05
125600 3.81611e-05
125700 3.81285e-05
125800 3.8096e-05
125900 3.80635e-05
126000 3.80311e-05
126100 3.79987e-05
126200 3.79664e-05
126300 3.79341e-05
126400 3.79019e-05
126500 3.78697e-05
126600 3.78376e-05
126700 3.78056e-05
126800 3.77736e-05
126900 3.77416e-05
127000 3.77097e-05
127100 3.76779e-05
127200 3.76461e-05
127300 3.76144e-05
127400 3.75827e-05
127500 3.75511e-05
127600 3.75195e-05
127700 3.7488e-05
127800 3.74565e-05
127900 3.74251e-05
128000 3.73937e-05
128100 3.73624e-05
128200 3.73312e-05
128300 3.73e-05
128400 3.72688e-05
128500 3.72377e-05
128600 3.72066e-05
128700 3.71756e-05
128800 3.71447e-05
128900 3.71138e-05
129000 3.70829e-05
129100 3.70521e-05
129200 3.70214e-05
129300 3.69907e-05
129400 3.696e-05
129500 3.69294e-05
129600 3.68989e-05
129700 3.68684e-05
129800 3.68379e-05
129900 3.68075e-05
130000 3.67772e-05
130100 3.67469e-05
130200 3.67166e-05
130300 3.66864e-05
130400 3.66563e-05
130500 3.66262e-05
130600 3.65961e-05
130700 3.65661e-05
130800 3.65362e-05
130900 3.65063e-05
131000 3.64764e-05
131100 3.64466e-05
131200 3.64168e-05
131300 3.63871e-05
131400 3.63574e-05
131500 3.63278e-05
131600 3.62982e-05
131700 3.62687e-05
131800 3.62392e-05
131900 3.62098e-05
132000 3.61804e-05
132100 3.61511e-05
132200 3.61218e-05
132300 3.60926e-05
132400 3.60634e-05
132500 3.60342e-05
132600 3.60051e-05
132700 3.5976e-05
132800 3.5947e-05
132900 3.59181e-05
133000 3.58892e-05
133100 3.58603e-05
133200 3.58315e-05
133300 3.58027e-05
133400 3.5774e-05
133500 3.57453e-05
133600 3.57166e-05
133700 3.5688e-05
133800 3.56595e-05
133900 3.5631e-05
134000 3.56025e-05
134100 3.55741e-05
134200 3.55457e-05
134300 3.55174e-05
134400 3.54891e-05
134500 3.54609e-05
134600 3.54327e-05
134700 3.54045e-05
134800 3.53764e-05
134900 3.53484e-05
135000 3.53203e-05
135100 3.52924e-05
135200 3.52644e-05
135300 3.52365e-05
135400 3.52087e-05
135500 3.51809e-05
135600 3.51531e-05
135700 3.51254e-05
135800 3.50978e-05
135900 3.50701e-05
136000 3.50426e-05
136100 3.5015e-05
136200 3.49875e-05
136300 3.49601e-05
136400 3.49327e-05
136500 3.49053e-05
136600 3.4878e-05
136700 3.48507e-05
136800 3.48234e-05
136900 3.47962e-05
137000 3.47691e-05
137100 3.4742e-05
137200 3.47149e-05
137300 3.46878e-05
137400 3.46609e-05
137500 3.46339e-05
137600 3.4607e-05
137700 3.45801e-05
137800 3.45533e-05
137900 3.45265e-05
138000 3.44998e-05
138100 3.44731e-05
138200 3.44464e-05
138300 3.44198e-05
138400 3.43932e-05
138500 3.43667e-05
138600 3.43402e-05
138700 3.43137e-05
138800 3.42873e-05
138900 3.42609e-05
139000 3.42346e-05
139100 3.42083e-05
139200 3.4182e-05
139300 3.41558e-05
139400 3.41296e-05
139500 3.41035e-05
139600 3.40774e-05
139700 3.40513e-05
139800 3.40253e-05
139900 3.39993e-05
140000 3.39734e-05
140100 3.39475e-05
140200 3.39216e-05
140300 3.38958e-05
140400 3.387e-05
140500 3.38442e-05
140600 3.38185e-05
140700 3.37929e-05
140800 3.37672e-05
140900 3.37416e-05
141000 3.37161e-05
141100 3.36906e-05
141200 3.36651e-05
141300 3.36396e-05
141400 3.36142e-05
141500 3.35889e-05
141600 3.35635e-05
141700 3.35383e-05
141800 3.3513e-05
141900 3.34878e-05
142000 3.34626e-05
142100 3.34375e-05
142200 3.34124e-05
142300 3.33873e-05
142400 3.33623e-05
142500 3.33373e-05
142600 3.33123e-05
142700 3.32874e-05
142800 3.32625e-05
142900 3.32377e-05
143000 3.32129e-05
143100 3.31881e-05
143200 3.31634e-05
143300 3.31387e-05
143400 3.3114e-05
143500 3.30894e-05
143600 3.30648e-05
143700 3.30403e-05
143800 3.30157e-05
143900 3.29913e-05
144000 3.29668e-05
144100 3.29424e-05
144200 3.2918e-05
144300 3.28937e-05
144400 3.28694e-05
144500 3.28451e-05
144600 3.28209e-05
144700 3.27967e-05
144800 3.27726e-05
144900 3.27484e-05
145000 3.27243e-05
145100 3.27003e-05
145200 3.26763e-05
145300 3.26523e-05
145400 3.26283e-05
145500 3.26044e-05
145600 3.25805e-05
145700 3.25567e-05
145800 3.25329e-05
145900 3.25091e-05
146000 3.24854e-05
146100 3.24617e-05
146200 3.2438e-05
146300 3.24143e-05
146400 3.23907e-05
146500 3.23672e-05
146600 3.23436e-05
146700 3.23201e-05
146800 3.22967e-05
146900 3.22732e-05
147000 3.22498e-05
147100 3.22264e-05
147200 3.22031e-05
147300 3.21798e-05
147400 3.21565e-05
147500 3.21333e-05
147600 3.21101e-05
147700 3.20869e-05
147800 3.20638e-05
147900 3.20407e-05
148000 3.20176e-05
148100 3.19946e-05
148200 3.19716e-05
148300 3.19486e-05
148400 3.19257e-05
148500 3.19028e-05
148600 3.18799e-05
148700 3.1857e-05
148800 3.18342e-05
148900 3.18115e-05
149000 3.17887e-05
149100 3.1766e-05
149200 3.17433e-05
149300 3.17207e-05
149400 3.1698e-05
149500 3.16755e-05
149600 3.16529e-05
149700 3.16304e-05
149800 3.16079e-05
149900 3.15854e-05
150000 3.1563e-05
150100 3.15406e-05
150200 3.15183e-05
150300 3.14959e-05
150400 3.14736e-05
150500 3.14513e-05
150600 3.14291e-05
150700 3.14069e-05
150800 3.13847e-05
150900 3.13626e-05
151000 3.13405e-05
151100 3.13184e-05
151200 3.12963e-05
151300 3.12743e-05
151400 3.12523e-05
151500 3.12303e-05
151600 3.12084e-05
151700 3.11865e-05
151800 3.11646e-05
151900 3.11428e-05
152000 3.1121e-05
152100 3.10992e-05
152200 3.10775e-05
152300 3.10558e-05
152400 3.10341e-05
152500 3.10124e-05
152600 3.09908e-05
152700 3.09692e-05
152800 3.09476e-05
152900 3.09261e-05
153000 3.09046e-05
153100 3.08831e-05
153200 3.08616e-05
153300 3.08402e-05
153400 3.08188e-05
153500 3.07974e-05
153600 3.07761e-05
153700 3.07548e-05
153800 3.07335e-05
153900 3.07123e-05
154000 3.06911e-05
154100 3.06699e-05
154200 3.06487e-05
154300 3.06276e-05
154400 3.06065e-05
154500 3.05854e-05
154600 3.05644e-05
154700 3.05434e-05
154800 3.05224e-05
154900 3.05014e-05
155000 3.04805e-05
155100 3.04596e-05
155200 3.04387e-05
155300 3.04179e-05
155400 3.0397e-05
155500 3.03763e-05
155600 3.03555e-05
155700 3.03348e-05
155800 3.03141e-05
155900 3.02934e-05
156000 3.02727e-05
156100 3.02521e-05
156200 3.02315e-05
156300 3.0211e-05
156400 3.01904e-05
156500 3.01699e-05
156600 3.01494e-05
156700 3.0129e-05
156800 3.01085e-05
156900 3.00881e-05
157000 3.00678e-05
157100 3.00474e-05
157200 3.00271e-05
157300 3.00068e-05
157400 2.99866e-05
157500 2.99663e-05
157600 2.99461e-05
157700 2.99259e-05
157800 2.99058e-05
157900 2.98856e-05
158000 2.98655e-05
158100 2.98455e-05
158200 2.98254e-05
158300 2.98054e-05
158400 2.97854e-05
158500 2.97654e-05
158600 2.97455e-05
158700 2.97256e-05
158800 2.97057e-05
158900 2.96858e-05
159000 2.9666e-05
159100 2.96462e-05
159200 2.96264e-05
159300 2.96066e-05
159400 2.95869e-05
159500 2.95672e-05
159600 2.95475e-05
159700 2.95279e-05
159800 2.95082e-05
159900 2.94886e-05
160000 2.9469e-05
160100 2.94495e-05
160200 2.943e-05
160300 2.94105e-05
160400 2.9391e-05
160500 2.93715e-05
160600 2.93521e-05
160700 2.93327e-05
160800 2.93133e-05
160900 2.9294e-05
161000 2.92747e-05
161100 2.92554e-05
161200 2.92361e-05
161300 2.92169e-05
161400 2.91976e-05
161500 2.91784e-05
161600 2.91593e-05
161700 2.91401e-05
161800 2.9121e-05
161900 2.91019e-05
162000 2.90828e-05
162100 2.90638e-05
162200 2.90448e-05
162300 2.90258e-05
162400 2.90068e-05
162500 2.89878e-05
162600 2.89689e-05
162700 2.895e-05
162800 2.89311e-05
162900 2.89123e-05
163000 2.88935e-05
163100 2.88747e-05
163200 2.88559e-05
163300 2.88371e-05
163400 2.88184e-05
163500 2.87997e-05
163600 2.8781e-05
163700 2.87623e-05
163800 2.87437e-05
163900 2.87251e-05
164000 2.87065e-05
164100 2.86879e-05
164200 2.86694e-05
164300 2.86509e-05
164400 2.86324e-05
164500 2.86139e-05
164600 2.85955e-05
164700 2.85771e-05
164800 2.85587e-05
164900 2.85403e-05
165000 2.85219e-05
165100 2.85036e-05
165200 2.84853e-05
165300 2.8467e-05
165400 2.84488e-05
165500 2.84305e-05
165600 2.84123e-05
165700 2.83941e-05
165800 2.8376e-05
165900 2.83578e-05
166000 2.83397e-05
166100 2.83216e-05
166200 2.83035e-05
166300 2.82855e-05
166400 2.82674e-05
166500 2.82494e-05
166600 2.82315e-05
166700 2.82135e-05
166800 2.81956e-05
166900 2.81776e-05
167000 2.81598e-05
167100 2.81419e-05
167200 2.8124e-05
167300 2.81062e-05
167400 2.80884e-05
167500 2.80706e-05
167600 2.80529e-05
167700 2.80351e-05
167800 2.80174e-05
167900 2.79997e-05
168000 2.79821e-05
168100 2.79644e-05
168200 2.79468e-05
168300 2.79292e-05
168400 2.79116e-05
168500 2.7894e-05
168600 2.78765e-05
168700 2.7859e-05
168800 2.78415e-05
168900 2.7824e-05
169000 2.78066e-05
169100 2.77891e-05
169200 2.77717e-05
169300 2.77543e-05
169400 2.7737e-05
169500 2.77196e-05
169600 2.77023e-05
169700 2.7685e-05
169800 2.76677e-05
169900 2.76505e-05
170000 2.76332e-05
170100 2.7616e-05
170200 2.75988e-05
170300 2.75817e-05
170400 2.75645e-05
170500 2.75474e-05
170600 2.75303e-05
170700 2.75132e-05
170800 2.74961e-05
170900 2.74791e-05
171000 2.7462e-05
171100 2.7445e-05
171200 2.7428e-05
171300 2.74111e-05
171400 2.73941e-05
171500 2.73772e-05
171600 2.73603e-05
171700 2.73434e-05
171800 2.73266e-05
171900 2.73097e-05
172000 2.72929e-05
172100 2.72761e-05
172200 2.72593e-05
172300 2.72426e-05
172400 2.72259e-05
172500 2.72091e-05
172600 2.71924e-05
172700 2.71758e-05
172800 2.71591e-05
172900 2.71425e-05
173000 2.71259e-05
173100 2.71093e-05
173200 2.70927e-05
173300 2.70761e-05
173400 2.70596e-05
173500 2.70431e-05
173600 2.70266e-05
173700 2.70101e-05
173800 2.69937e-05
173900 2.69772e-05
174000 2.69608e-05
174100 2.69444e-05
174200 2.6928e-05
174300 2.69117e-05
174400 2.68953e-05
174500 2.6879e-05
174600 2.68627e-05
174700 2.68464e-05
174800 2.68302e-05
174900 2.6814e-05
175000 2.67977e-05
175100 2.67815e-05
175200 2.67654e-05
175300 2.67492e-05
175400 2.6733e-05
175500 2.67169e-05
175600 2.67008e-05
175700 2.66847e-05
175800 2.66687e-05
175900 2.66526e-05
176000 2.66366e-05
176100 2.66206e-05
176200 2.66046e-05
176300 2.65886e-05
176400 2.65727e-05
176500 2.65567e-05
176600 2.65408e-05
176700 2.65249e-05
176800 2.65091e-05
176900 2.64932e-05
177000 2.64774e-05
177100 2.64616e-05
177200 2.64458e-05
177300 2.643e-05
177400 2.64142e-05
177500 2.63985e-05
177600 2.63827e-05
177700 2.6367e-05
177800 2.63513e-05
177900 2.63357e-05
178000 2.632e-05
178100 2.63044e-05
178200 2.62888e-05
178300 2.62732e-05
178400 2.62576e-05
178500 2.6242e-05
178600 2.62265e-05
178700 2.6211e-05
178800 2.61955e-05
178900 2.618e-05
179000 2.61645e-05
179100 2.61491e-05
179200 2.61336e-05
179300 2.61182e-05
179400 2.61028e-05
179500 2.60874e-05
179600 2.60721e-05
179700 2.60567e-05
179800 2.60414e-05
179900 2.60261e-05
180000 2.60108e-05
180100 2.59955e-05
180200 2.59803e-05
180300 2.5965e-05
180400 2.59498e-05
180500 2.59346e-05
180600 2.59194e-05
180700 2.59043e-05
180800 2.58891e-05
180900 2.5874e-05
181000 2.58589e-05
181100 2.58438e-05
181200 2.58287e-05
181300 2.58136e-05
181400 2.57986e-05
181500 2.57836e-05
181600 2.57686e-05
181700 2.57536e-05
181800 2.57386e-05
181900 2.57236e-05
182000 2.57087e-05
182100 2.56938e-05
182200 2.56789e-05
182300 2.5664e-05
182400 2.56491e-05
182500 2.56343e-05
182600 2.56194e-05
182700 2.56046e-05
182800 2.55898e-05
182900 2.5575e-05
183000 2.55602e-05
183100 2.55455e-05
183200 2.55307e-05
183300 2.5516e-05
183400 2.55013e-05
183500 2.54866e-05
183600 2.5472e-05
183700 2.54573e-05
183800 2.54427e-05
183900 2.54281e-05
184000 2.54135e-05
184100 2.53989e-05
184200 2.53843e-05
184300 2.53698e-05
184400 2.53552e-05
184500 2.53407e-05
184600 2.53262e-05
184700 2.53117e-05
184800 2.52972e-05
184900 2.52828e-05
185000 2.52683e-05
185100 2.52539e-05
185200 2.52395e-05
185300 2.52251e-05
185400 2.52108e-05
185500 2.51964e-05
185600 2.51821e-05
185700 2.51677e-05
185800 2.51534e-05
185900 2.51391e-05
186000 2.51249e-05
186100 2.51106e-05
186200 2.50964e-05
186300 2.50821e-05
186400 2.50679e-05
186500 2.50537e-05
186600 2.50395e-05
186700 2.50254e-05
186800 2.50112e-05
186900 2.49971e-05
187000 2.4983e-05
187100 2.49689e-05
187200 2.49548e-05
187300 2.49407e-05
187400 2.49267e-05
187500 2.49126e-05
187600 2.48986e-05
187700 2.48846e-05
187800 2.48706e-05
187900 2.48566e-05
188000 2.48427e-05
188100 2.48287e-05
188200 2.48148e-05
188300 2.48009e-05
188400 2.4787e-05
188500 2.47731e-05
188600 2.47592e-05
188700 2.47454e-05
188800 2.47316e-05
188900 2.47177e-05
189000 2.47039e-05
189100 2.46901e-05
189200 2.46764e-05
189300 2.46626e-05
189400 2.46489e-05
189500 2.46351e-05
189600 2.46214e-05
189700 2.46077e-05
189800 2.4594e-05
189900 2.45804e-05
190000 2.45667e-05
190100 2.45531e-05
190200 2.45394e-05
190300 2.45258e-05
190400 2.45122e-05
190500 2.44987e-05
190600 2.44851e-05
190700 2.44715e-05
190800 2.4458e-05
190900 2.44445e-05
191000 2.4431e-05
191100 2.44175e-05
191200 2.4404e-05
191300 2.43906e-05
191400 2.43771e-05
191500 2.43637e-05
191600 2.43503e-05
191700 2.43369e-05
191800 2.43235e-05
191900 2.43101e-05
192000 2.42967e-05
192100 2.42834e-05
192200 2.42701e-05
192300 2.42568e-05
192400 2.42435e-05
192500 2.42302e-05
192600 2.42169e-05
192700 2.42036e-05
192800 2.41904e-05
192900 2.41772e-05
193000 2.4164e-05
193100 2.41508e-05
193200 2.41376e-05
193300 2.41244e-05
193400 2.41112e-05
193500 2.40981e-05
193600 2.4085e-05
193700 2.40719e-05
193800 2.40588e-05
193900 2.40457e-05
194000 2.40326e-05
194100 2.40195e-05
194200 2.40065e-05
194300 2.39935e-05
194400 2.39804e-05
194500 2.39674e-05
194600 2.39545e-05
194700 2.39415e-05
194800 2.39285e-05
194900 2.39156e-05
195000 2.39026e-05
195100 2.38897e-05
195200 2.38768e-05
195300 2.38639e-05
195400 2.3851e-05
195500 2.38382e-05
195600 2.38253e-05
195700 2.38125e-05
195800 2.37997e-05
195900 2.37869e-05
196000 2.37741e-05
196100 2.37613e-05
196200 2.37485e-05
196300 2.37358e-05
196400 2.3723e-05
196500 2.37103e-05
196600 2.36976e-05
196700 2.36849e-05
196800 2.36722e-05
196900 2.36595e-05
197000 2.36469e-05
197100 2.36342e-05
197200 2.36216e-05
197300 2.3609e-05
197400 2.35964e-05
197500 2.35838e-05
197600 2.35712e-05
197700 2.35586e-05
197800 2.35461e-05
197900 2.35335e-05
198000 2.3521e-05
198100 2.35085e-05
198200 2.3496e-05
198300 2.34835e-05
198400 2.3471e-05
198500 2.34586e-05
198600 2.34461e-05
198700 2.34337e-05
198800 2.34212e-05
198900 2.34088e-05
199000 2.33964e-05
199100 2.33841e-05
199200 2.33717e-05
199300 2.33593e-05
199400 2.3347e-05
199500 2.33347e-05
199600 2.33223e-05
199700 2.331e-05
199800 2.32977e-05
199900 2.32855e-05
200000 2.32732e-05
200100 2.32609e-05
200200 2.32487e-05
200300 2.32365e-05
200400 2.32243e-05
200500 2.32121e-05
200600 2.31999e-05
200700 2.31877e-05
200800 2.31755e-05
200900 2.31634e-05
201000 2.31512e-05
201100 2.31391e-05
201200 2.3127e-05
201300 2.31149e-05
201400 2.31028e-05
201500 2.30907e-05
201600 2.30787e-05
201700 2.30666e-05
201800 2.30546e-05
201900 2.30425e-05
202000 2.30305e-05
202100 2.30185e-05
202200 2.30065e-05
202300 2.29946e-05
202400 2.29826e-05
202500 2.29706e-05
202600 2.29587e-05
202700 2.29468e-05
202800 2.29348e-05
202900 2.29229e-05
203000 2.29111e-05
203100 2.28992e-05
203200 2.28873e-05
203300 2.28755e-05
203400 2.28636e-05
203500 2.28518e-05
203600 2.284e-05
203700 2.28282e-05
203800 2.28164e-05
203900 2.28046e-05
204000 2.27928e-05
204100 2.27811e-05
204200 2.27693e-05
204300 2.27576e-05
204400 2.27458e-05
204500 2.27341e-05
204600 2.27224e-05
204700 2.27108e-05
204800 2.26991e-05
204900 2.26874e-05
205000 2.26758e-05
205100 2.26641e-05
205200 2.26525e-05
205300 2.26409e-05
205400 2.26293e-05
205500 2.26177e-05
205600 2.26061e-05
205700 2.25945e-05
205800 2.2583e-05
205900 2.25714e-05
206000 2.25599e-05
206100 2.25484e-05
206200 2.25369e-05
206300 2.25254e-05
206400 2.25139e-05
206500 2.25024e-05
206600 2.2491e-05
206700 2.24795e-05
206800 2.24681e-05
206900 2.24566e-05
207000 2.24452e-05
207100 2.24338e-05
207200 2.24224e-05
207300 2.2411e-05
207400 2.23997e-05
207500 2.23883e-05
207600 2.2377e-05
207700 2.23656e-05
207800 2.23543e-05
207900 2.2343e-05
208000 2.23317e-05
208100 2.23204e-05
208200 2.23091e-05
208300 2.22978e-05
208400 2.22866e-05
208500 2.22753e-05
208600 2.22641e-05
208700 2.22529e-05
208800 2.22417e-05
208900 2.22305e-05
209000 2.22193e-05
209100 2.22081e-05
209200 2.21969e-05
209300 2.21858e-05
209400 2.21746e-05
209500 2.21635e-05
209600 2.21524e-05
209700 2.21412e-05
209800 2.21301e-05
209900 2.2119e-05
210000 2.2108e-05
210100 2.20969e-05
210200 2.20858e-05
210300 2.20748e-05
210400 2.20638e-05
210500 2.20527e-05
210600 2.20417e-05
210700 2.20307e-05
210800 2.20197e-05
210900 2.20087e-05
211000 2.19978e-05
211100 2.19868e-05
211200 2.19759e-05
211300 2.19649e-05
211400 2.1954e-05
211500 2.19431e-05
211600 2.19322e-05
211700 2.19213e-05
211800 2.19104e-05
211900 2.18995e-05
212000 2.18887e-05
212100 2.18778e-05
212200 2.1867e-05
212300 2.18561e-05
212400 2.18453e-05
212500 2.18345e-05
212600 2.18237e-05
212700 2.18129e-05
212800 2.18021e-05
212900 2.17914e-05
213000 2.17806e-05
213100 2.17699e-05
213200 2.17591e-05
213300 2.17484e-05
213400 2.17377e-05
213500 2.1727e-05
213600 2.17163e-05
213700 2.17056e-05
213800 2.16949e-05
213900 2.16843e-05
214000 2.16736e-05
214100 2.1663e-05
214200 2.16523e-05
214300 2.16417e-05
214400 2.16311e-05
214500 2.16205e-05
214600 2.16099e-05
214700 2.15993e-05
214800 2.15888e-05
214900 2.15782e-05
215000 2.15677e-05
215100 2.15571e-05
215200 2.15466e-05
215300 2.15361e-05
215400 2.15256e-05
215500 2.15151e-05
215600 2.15046e-05
215700 2.14941e-05
215800 2.14836e-05
215900 2.14732e-05
216000 2.14627e-05
216100 2.14523e-05
216200 2.14419e-05
216300 2.14314e-05
216400 2.1421e-05
216500 2.14106e-05
216600 2.14002e-05
216700 2.13899e-05
216800 2.13795e-05
216900 2.13691e-05
217000 2.13588e-05
217100 2.13485e-05
217200 2.13381e-05
217300 2.13278e-05
217400 2.13175e-05
217500 2.13072e-05
217600 2.12969e-05
217700 2.12866e-05
217800 2.12764e-05
217900 2.12661e-05
218000 2.12559e-05
218100 2.12456e-05
218200 2.12354e-05
218300 2.12252e-05
218400 2.1215e-05
218500 2.12048e-05
218600 2.11946e-05
218700 2.11844e-05
218800 2.11742e-05
218900 2.1164e-05
219000 2.11539e-05
219100 2.11438e-05
219200 2.11336e-05
219300 2.11235e-05
219400 2.11134e-05
219500 2.11033e-05
219600 2.10932e-05
219700 2.10831e-05
219800 2.1073e-05
219900 2.1063e-05
220000 2.10529e-05
220100 2.10429e-05
220200 2.10328e-05
220300 2.10228e-05
220400 2.10128e-05
220500 2.10028e-05
220600 2.09928e-05
220700 2.09828e-05
220800 2.09728e-05
220900 2.09628e-05
221000 2.09529e-05
221100 2.09429e-05
221200 2.0933e-05
221300 2.0923e-05
221400 2.09131e-05
221500 2.09032e-05
221600 2.08933e-05
221700 2.08834e-05
221800 2.08735e-05
221900 2.08636e-05
222000 2.08537e-05
222100 2.08439e-05
222200 2.0834e-05
222300 2.08242e-05
222400 2.08144e-05
222500 2.08045e-05
222600 2.07947e-05
222700 2.07849e-05
222800 2.07751e-05
222900 2.07653e-05
223000 2.07556e-05
223100 2.07458e-05
223200 2.0736e-05
223300 2.07263e-05
223400 2.07165e-05
223500 2.07068e-05
223600 2.06971e-05
223700 2.06874e-05
223800 2.06777e-05
223900 2.0668e-05
224000 2.06583e-05
224100 2.06486e-05
224200 2.0639e-05
224300 2.06293e-05
224400 2.06196e-05
224500 2.061e-05
224600 2.06004e-05
224700 2.05907e-05
224800 2.05811e-05
224900 2.05715e-05
225000 2.05619e-05
225100 2.05523e-05
225200 2.05428e-05
225300 2.05332e-05
225400 2.05236e-05
225500 2.05141e-05
225600 2.05045e-05
225700 2.0495e-05
225800 2.04855e-05
225900 2.0476e-05
226000 2.04664e-05
226100 2.04569e-05
226200 2.04475e-05
226300 2.0438e-05
226400 2.04285e-05
226500 2.0419e-05
226600 2.04096e-05
226700 2.04001e-05
226800 2.03907e-05
226900 2.03813e-05
227000 2.03718e-05
227100 2.03624e-05
227200 2.0353e-05
227300 2.03436e-05
227400 2.03342e-05
227500 2.03249e-05
227600 2.03155e-05
227700 2.03061e-05
227800 2.02968e-05
227900 2.02874e-05
228000 2.02781e-05
228100 2.02688e-05
228200 2.02594e-05
228300 2.02501e-05
228400 2.02408e-05
228500 2.02315e-05
228600 2.02222e-05
228700 2.0213e-05
228800 2.02037e-05
228900 2.01944e-05
229000 2.01852e-05
229100 2.01759e-05
229200 2.01667e-05
229300 2.01575e-05
229400 2.01483e-05
229500 2.01391e-05
229600 2.01299e-05
229700 2.01207e-05
229800 2.01115e-05
229900 2.01023e-05
230000 2.00931e-05
230100 2.0084e-05
230200 2.00748e-05
230300 2.00657e-05
230400 2.00565e-05
230500 2.00474e-05
230600 2.00383e-05
230700 2.00292e-05
230800 2.00201e-05
230900 2.0011e-05
231000 2.00019e-05
