0.306817
0.158147
0.0997718
0.0692987
0.0509356
0.0388794
0.0305072
0.0244547
0.0199438
0.0164999
0.0138188
0.0116972
0.0099948
0.00861236
0.00747787
0.00653821
0.00575346
0.00509318
0.00453389
0.00405719
0.00364855
0.00329638
0.00299135
0.00272591
0.00249388
0.0022902
0.00211067
0.00195182
0.00181075
0.00168501
0.00157256
0.00147166
0.00138084
0.00129883
0.00122457
0.00115712
0.00109569
0.0010396
0.000988237
0.00094109
0.000897707
0.000857688
0.000820688
0.000786403
0.000754562
0.000724929
0.000697295
0.000671474
0.0006473
0.000624625
0.00060332
0.000583266
0.00056436
0.000546506
0.000529621
0.000513629
0.000498459
0.000484053
0.000470351
0.000457305
0.000444867
0.000432997
0.000421655
0.000410808
0.000400423
0.00039047
0.000380924
0.000371761
0.000362956
0.00035449
0.000346342
0.000338497
0.000330938
0.000323647
0.000316613
0.000309823
0.000303262
0.000296921
0.000290789
0.000284855
0.000279111
0.000273548
0.000268157
0.000262932
0.000257864
0.000252948
0.000248175
0.000243542
0.000239042
0.000234669
0.000230419
0.000226287
0.000222268
0.000218358
0.000214552
0.000210848
0.00020724
0.000203727
0.000200304
0.000196967
0.000193715
0.000190544
0.000187451
0.000184435
0.000181491
0.000178618
0.000175813
0.000173075
0.000170401
0.000167789
0.000165237
0.000162744
0.000160307
0.000157924
0.000155595
0.000153317
0.000151089
0.00014891
0.000146778
0.000144691
0.000142649
0.00014065
0.000138693
0.000136777
0.0001349
0.000133062
0.000131261
0.000129497
0.000127768
0.000126074
0.000124413
0.000122785
0.000121189
0.000119624
0.000118089
0.000116583
0.000115107
0.000113658
0.000112237
0.000110842
0.000109473
0.00010813
0.000106811
0.000105516
0.000104245
0.000102997
0.000101771
0.000100567
9.9384e-05
9.82221e-05
9.70807e-05
9.59591e-05
9.4857e-05
9.37738e-05
9.27091e-05
9.16627e-05
9.06339e-05
8.96225e-05
8.86279e-05
8.765e-05
8.66882e-05
8.57423e-05
8.48119e-05
8.38966e-05
8.29962e-05
8.21102e-05
8.12384e-05
8.03805e-05
7.95363e-05
7.87054e-05
7.78875e-05
7.70823e-05
7.62897e-05
7.55092e-05
7.47408e-05
7.39841e-05
7.32388e-05
7.25049e-05
7.17819e-05
7.10697e-05
7.03682e-05
6.9677e-05
6.8996e-05
6.8325e-05
6.76637e-05
6.70121e-05
6.63696e-05
6.57365e-05
6.51125e-05
6.44973e-05
6.38908e-05
6.32927e-05
6.2703e-05
6.21216e-05
6.15481e-05
6.09825e-05
6.04246e-05
5.98744e-05
5.93317e-05
5.87962e-05
5.82679e-05
5.77466e-05
5.72322e-05
5.67247e-05
5.62238e-05
5.57295e-05
5.52415e-05
5.47598e-05
5.42844e-05
5.38151e-05
5.33517e-05
5.28942e-05
5.24425e-05
5.19964e-05
5.1556e-05
5.11209e-05
5.06913e-05
5.0267e-05
4.98478e-05
4.94337e-05
4.90246e-05
4.86205e-05
4.82212e-05
4.78267e-05
4.74369e-05
4.70516e-05
4.66709e-05
4.62947e-05
4.59229e-05
4.55553e-05
4.51921e-05
4.48329e-05
4.44779e-05
4.41268e-05
4.37799e-05
4.34368e-05
4.30975e-05
4.2762e-05
4.24302e-05
4.21021e-05
4.17777e-05
4.14567e-05
4.11393e-05
4.08253e-05
4.05147e-05
4.02074e-05
3.99034e-05
3.96027e-05
3.93051e-05
3.90107e-05
3.87194e-05
3.84311e-05
3.81459e-05
3.78635e-05
3.75841e-05
3.73076e-05
3.70339e-05
3.6763e-05
3.64948e-05
3.62294e-05
3.59666e-05
3.57064e-05
3.54488e-05
3.51938e-05
3.49413e-05
3.46913e-05
3.44438e-05
3.41987e-05
3.39559e-05
3.37155e-05
3.34774e-05
3.32416e-05
3.3008e-05
3.27768e-05
3.25476e-05
3.23207e-05
3.20959e-05
3.18731e-05
3.16525e-05
3.1434e-05
3.12174e-05
3.10029e-05
3.07903e-05
3.05797e-05
3.03709e-05
3.01642e-05
2.99593e-05
2.97562e-05
2.9555e-05
2.93555e-05
2.91579e-05
2.8962e-05
2.87679e-05
2.85754e-05
2.83847e-05
2.81957e-05
2.80082e-05
2.78225e-05
2.76384e-05
2.74558e-05
2.72748e-05
2.70954e-05
2.69175e-05
2.67412e-05
2.65663e-05
2.6393e-05
2.62211e-05
2.60507e-05
2.58817e-05
2.57141e-05
2.5548e-05
2.53832e-05
2.52198e-05
2.50577e-05
2.48971e-05
2.47377e-05
2.45796e-05
2.44229e-05
2.42674e-05
2.41132e-05
2.39602e-05
2.38085e-05
2.3658e-05
2.35088e-05
2.33607e-05
2.32139e-05
2.30682e-05
2.29237e-05
2.27803e-05
2.26381e-05
2.2497e-05
2.2357e-05
2.22181e-05
2.20803e-05
2.19436e-05
2.1808e-05
2.16735e-05
2.154e-05
2.14075e-05
2.12761e-05
2.11456e-05
2.10162e-05
2.08878e-05
2.07605e-05
2.0634e-05
2.05086e-05
2.03841e-05
2.02605e-05
2.01379e-05
2.00162e-05
1.98955e-05
