0.121722
0.056831
0.0323317
0.0203021
0.0136453
0.00965773
0.00712781
0.00544846
0.00429019
0.00346377
0.00285586
0.00239626
0.00204019
0.00175833
0.00153097
0.00134455
0.00118952
0.00105901
0.000947966
0.00085262
0.000770091
0.000698155
0.000635065
0.000579434
0.000530144
0.000486284
0.000447109
0.000411995
0.000380424
0.000351958
0.000326224
0.000302904
0.000281723
0.000262445
0.000244864
0.000228801
0.000214097
0.000200614
0.00018823
0.000176838
0.00016634
0.000156653
0.0001477
0.000139413
0.000131731
0.000124601
0.000117974
0.000111806
0.000106057
0.000100693
9.568e-05
9.09905e-05
8.6598e-05
8.24788e-05
7.86115e-05
7.49766e-05
7.15564e-05
6.83347e-05
6.5297e-05
6.243e-05
5.97214e-05
5.71601e-05
5.47359e-05
5.24396e-05
5.02626e-05
4.8197e-05
4.62356e-05
4.4372e-05
4.25998e-05
4.09136e-05
3.93081e-05
3.77786e-05
3.63206e-05
3.49299e-05
3.36029e-05
3.2336e-05
3.11257e-05
2.99692e-05
2.88635e-05
2.78061e-05
2.67943e-05
2.58259e-05
2.48987e-05
2.40106e-05
2.31598e-05
2.23445e-05
2.15629e-05
2.08134e-05
2.00947e-05
1.94052e-05
