257 453 -0.073674 0.110406
606 450 -0.0890141 -0.314159
557 457 -0.066004 -0.311444
533 455 -0.066004 -0.283832
518 456 -0.066004 -0.265424
499 456 -0.066004 -0.24088
483 456 -0.066004 -0.219404
462 457 -0.066004 -0.191792
447 457 -0.066004 -0.17185
430 456 -0.067538 -0.144238
411 456 -0.066004 -0.116626
389 457 -0.067538 -0.0844119
364 457 -0.066004 -0.044528
340 456 -0.0629361 -0.00310993
311 454 -0.067538 0.0429101
283 456 -0.067538 0.0904641
265 456 -0.067538 0.11961
248 458 -0.066004 0.147222
236 457 -0.066004 0.170232
226 457 -0.066004 0.185572
208 458 -0.066004 0.216252
187 458 -0.066004 0.25
171 458 -0.066004 0.28068
144 458 -0.066004 0.323632
131 458 -0.066004 0.346642
119 456 -0.066004 0.369652
101 459 -0.066004 0.397264
84 459 -0.066004 0.42641
57 459 -0.0629361 0.475498
37 460 -0.0629361 0.50311
32 421 -0.135034 0.50311
53 423 -0.135034 0.470896
65 422 -0.135034 0.44942
85 417 -0.135034 0.420274
103 417 -0.135034 0.389594
121 415 -0.136568 0.360448
137 415 -0.136568 0.33437
152 418 -0.136568 0.306758
175 411 -0.153442 0.266874
190 410 -0.153442 0.240796
200 409 -0.153442 0.222388
209 409 -0.153442 0.207048
221 407 -0.15651 0.185572
242 401 -0.165714 0.147222
263 400 -0.167248 0.11194
283 398 -0.167248 0.08126
296 397 -0.168782 0.0597839
314 400 -0.168782 0.029104
333 401 -0.168782 0.00149202
349 398 -0.170316 -0.023052
359 394 -0.170316 -0.042994
381 395 -0.170316 -0.0752079
402 386 -0.176452 -0.108956
434 389 -0.177986 -0.153442
453 388 -0.176452 -0.181054
478 384 -0.184122 -0.214802
498 386 -0.182588 -0.237812
519 386 -0.182588 -0.266958
541 386 -0.184122 -0.293036
559 386 -0.184122 -0.314159
582 385 -0.184122 -0.314159
606 382 -0.190258 -0.314159
606 318 -0.268492 -0.314159
559 323 -0.270026 -0.314159
538 320 -0.270026 -0.305308
509 324 -0.270026 -0.268492
494 315 -0.277696 -0.250084
472 320 -0.277696 -0.224006
457 321 -0.277696 -0.204064
441 318 -0.277696 -0.181054
408 302 -0.291502 -0.139636
388 308 -0.291502 -0.11049
368 314 -0.289968 -0.0813439
348 309 -0.29457 -0.0537319
325 303 -0.308376 -0.021518
307 303 -0.308376 0.00762796
292 307 -0.306842 0.032172
273 308 -0.308376 0.0628521
244 308 -0.308376 0.108872
224 300 -0.323716 0.136484
211 304 -0.323716 0.15796
203 304 -0.323716 0.168698
187 299 -0.329852 0.19631
165 300 -0.329852 0.230058
150 290 -0.346726 0.251534
125 297 -0.345192 0.294486
108 287 -0.365134 0.309826
100 284 -0.37127 0.31903
85 298 -0.360532 0.345108
63 296 -0.358998 0.381924
41 297 -0.360532 0.414138
23 289 -0.374338 0.446352
26 247 -0.438766 0.408002
68 242 -0.437232 0.34204
91 240 -0.437232 0.305224
114 246 -0.428028 0.277612
153 237 -0.428028 0.213184
174 235 -0.428028 0.18097
207 228 -0.429562 0.121144
226 224 -0.429562 0.0919981
255 215 -0.435698 0.049046
276 208 -0.435698 0.0122299
298 205 -0.435698 -0.019984
309 208 -0.435698 -0.04146
339 207 -0.43263 -0.0782759
360 210 -0.429562 -0.107422
380 207 -0.428028 -0.1335
404 205 -0.428028 -0.159578
424 205 -0.426494 -0.190258
461 200 -0.426494 -0.236278
481 198 -0.426494 -0.259288
508 197 -0.426494 -0.289968
537 197 -0.426494 -0.314159
561 196 -0.426494 -0.314159
582 192 -0.426494 -0.314159
595 133 -0.484786 -0.314159
595 184 -0.435698 -0.314159
561 126 -0.495524 -0.314159
526 131 -0.495524 -0.314159
469 139 -0.495524 -0.257754
451 131 -0.506262 -0.242414
410 126 -0.520068 -0.199462
411 126 -0.520068 -0.188724
348 134 -0.520068 -0.12583
323 116 -0.541544 -0.124296
321 121 -0.541544 -0.093616
290 123 -0.541544 -0.046062
274 126 -0.541544 -0.024586
240 116 -0.56302 0.0122299
214 119 -0.57069 0.05058
180 122 -0.579894 0.0966001
168 114 -0.581428 0.110406
136 117 -0.592166 0.151824
106 120 -0.5937 0.194776
77 112 -0.613642 0.225456
46 119 -0.612108 0.27301
22 104 -0.633584 0.292952
25 72 -0.665798 0.259204
74 62 -0.6704 0.184038
108 54 -0.6704 0.136484
131 49 -0.668866 0.105804
151 45 -0.6704 0.079726
178 36 -0.6704 0.0413761
191 39 -0.66273 0.0337059
221 32 -0.66273 -0.00771189
254 30 -0.66273 -0.0506639
294 35 -0.642788 -0.090548
339 31 -0.644322 -0.145772
360 38 -0.625914 -0.16418
418 36 -0.613642 -0.227074
463 35 -0.605972 -0.273094
