0.159375 0.770833 0.482706 0.383146 
0.15625 0.777083 0.483809 0.383146 
0.15625 0.777083 0.483809 0.383146 
0.279687 0.779167 0.484912 0.305544 
0.2875 0.779167 0.484912 0.305544 
0.271875 0.779167 0.484912 0.305544 
0.360938 0.777083 0.484912 0.245706 
0.360938 0.779167 0.484912 0.245706 
0.35 0.775 0.484912 0.245706 
0.4625 0.775 0.484912 0.168104 
0.4625 0.777083 0.484912 0.168104 
0.464062 0.777083 0.484912 0.168104 
0.625 0.760417 0.484912 0.0643225 
0.63125 0.758333 0.484912 0.0643225 
0.629687 0.758333 0.484912 0.0643225 
0.765625 0.766667 0.48528 2.49893e-05 
0.765625 0.766667 0.48528 2.49893e-05 
0.76875 0.760417 0.48528 2.49893e-05 
0.821875 0.5 0.448506 2.49893e-05 
0.821875 0.497917 0.448506 2.49893e-05 
0.821875 0.495833 0.448506 2.49893e-05 
0.670312 0.497917 0.448138 0.022249 
0.665625 0.5 0.448138 0.022249 
0.6625 0.5 0.448138 0.022249 
0.55 0.508333 0.447403 0.0867617 
0.55 0.508333 0.447035 0.0867617 
0.553125 0.510417 0.447403 0.0867617 
0.467187 0.516667 0.447403 0.134445 
0.478125 0.516667 0.447403 0.132575 
0.478125 0.51875 0.447403 0.13351 
0.376563 0.51875 0.444461 0.202698 
0.378125 0.516667 0.444461 0.202698 
0.38125 0.51875 0.444461 0.202698 
0.260937 0.533333 0.444461 0.283105 
0.264062 0.533333 0.444461 0.281235 
0.265625 0.535417 0.444829 0.2803 
0.167187 0.46875 0.430487 0.340138 
0.171875 0.470833 0.430487 0.340138 
0.171875 0.472917 0.430487 0.340138 
0.132812 0.204167 0.387093 0.326113 
0.134375 0.208333 0.387461 0.326113 
0.132812 0.210417 0.387093 0.326113 
0.260937 0.18125 0.387093 0.257861 
0.25625 0.189583 0.387093 0.257861 
0.254688 0.19375 0.387461 0.257861 
0.35625 0.172917 0.387461 0.196153 
0.357812 0.175 0.387461 0.197088 
0.35625 0.175 0.387461 0.197088 
0.475 0.172917 0.387461 0.1466 
0.475 0.175 0.387461 0.1466 
0.475 0.177083 0.387829 0.1466 
0.615625 0.175 0.388196 0.0746072 
0.614062 0.179167 0.388564 0.0746072 
0.617188 0.177083 0.388564 0.0746072 
0.745313 0.175 0.39077 0.0157043 
0.75 0.175 0.391506 0.0157043 
0.748437 0.179167 0.391874 0.0157043 
0.853125 0.191667 0.394448 2.49893e-05 
0.854688 0.195833 0.395183 2.49893e-05 
0.854688 0.2 0.395551 2.49893e-05 
