0 0.124329
100 0.00398815
200 0.00391407
300 0.0038414
400 0.00376745
500 0.00369113
600 0.00361234
700 0.00353121
800 0.00344783
900 0.00336218
1000 0.00327426
1100 0.00318403
1200 0.00309149
1300 0.00299666
1400 0.00289961
1500 0.00280047
1600 0.00269941
1700 0.00259665
1800 0.00249246
1900 0.00238718
2000 0.00228116
2100 0.00217484
2200 0.00206866
2300 0.0019631
2400 0.00185866
2500 0.00175584
2600 0.00165513
2700 0.001557
2800 0.00146191
2900 0.00137022
3000 0.0012823
3100 0.00119842
3200 0.00111879
3300 0.00104356
3400 0.000972802
3500 0.000906537
3600 0.000844719
3700 0.00078725
3800 0.00073399
3900 0.000684767
4000 0.000639382
4100 0.000597623
4200 0.000559269
4300 0.000524097
4400 0.000491887
4500 0.000462423
4600 0.000435501
4700 0.000410923
4800 0.000388502
4900 0.000368062
5000 0.000349438
5100 0.000332476
5200 0.000317032
5300 0.000302973
5400 0.000290176
5500 0.000278528
5600 0.000267926
5700 0.000258274
5800 0.000249484
5900 0.000241477
6000 0.000234181
6100 0.000227529
6200 0.000221461
6300 0.000215923
6400 0.000210865
6500 0.000206243
6600 0.000202014
6700 0.000198143
6800 0.000194596
6900 0.000191342
7000 0.000188354
7100 0.000185607
7200 0.000183078
7300 0.000180748
7400 0.000178598
7500 0.00017661
7600 0.00017477
7700 0.000173065
7800 0.000171481
7900 0.000170008
8000 0.000168636
8100 0.000167355
8200 0.000166157
8300 0.000165034
8400 0.00016398
8500 0.000162989
8600 0.000162054
8700 0.000161172
8800 0.000160336
8900 0.000159544
9000 0.000158792
9100 0.000158076
9200 0.000157392
9300 0.000156739
9400 0.000156114
9500 0.000155515
9600 0.000154938
9700 0.000154384
9800 0.000153849
9900 0.000153332
10000 0.000152833
10100 0.000152349
10200 0.00015188
10300 0.000151425
10400 0.000150982
10500 0.000150551
10600 0.000150131
10700 0.000149721
10800 0.000149321
10900 0.00014893
11000 0.000148547
11100 0.000148173
11200 0.000147806
11300 0.000147447
11400 0.000147094
11500 0.000146748
11600 0.000146409
11700 0.000146075
11800 0.000145747
11900 0.000145424
12000 0.000145107
12100 0.000144795
12200 0.000144487
12300 0.000144184
12400 0.000143886
12500 0.000143592
12600 0.000143303
12700 0.000143017
12800 0.000142736
12900 0.000142458
13000 0.000142184
13100 0.000141914
13200 0.000141647
13300 0.000141383
13400 0.000141123
13500 0.000140867
13600 0.000140613
13700 0.000140363
13800 0.000140115
13900 0.000139871
14000 0.000139629
14100 0.00013939
14200 0.000139154
14300 0.000138921
14400 0.00013869
14500 0.000138462
14600 0.000138236
14700 0.000138013
14800 0.000137792
14900 0.000137574
15000 0.000137358
15100 0.000137144
15200 0.000136933
15300 0.000136723
15400 0.000136516
15500 0.000136311
15600 0.000136107
15700 0.000135906
15800 0.000135707
15900 0.00013551
16000 0.000135315
16100 0.000135121
16200 0.000134929
16300 0.000134739
16400 0.000134551
16500 0.000134365
16600 0.00013418
16700 0.000133997
16800 0.000133815
16900 0.000133636
17000 0.000133457
17100 0.00013328
17200 0.000133105
17300 0.000132931
17400 0.000132759
17500 0.000132588
17600 0.000132418
17700 0.00013225
17800 0.000132083
17900 0.000131918
18000 0.000131754
18100 0.000131591
18200 0.000131429
18300 0.000131269
18400 0.00013111
18500 0.000130952
18600 0.000130795
18700 0.000130639
18800 0.000130485
18900 0.000130332
19000 0.000130179
19100 0.000130028
19200 0.000129878
19300 0.000129729
19400 0.000129581
19500 0.000129434
19600 0.000129288
19700 0.000129143
19800 0.000128999
19900 0.000128856
20000 0.000128714
20100 0.000128573
20200 0.000128433
20300 0.000128293
20400 0.000128155
20500 0.000128017
20600 0.00012788
20700 0.000127744
20800 0.000127609
20900 0.000127475
21000 0.000127342
21100 0.000127209
21200 0.000127077
21300 0.000126946
21400 0.000126816
21500 0.000126686
21600 0.000126557
21700 0.000126429
21800 0.000126302
21900 0.000126175
22000 0.000126049
22100 0.000125924
22200 0.000125799
22300 0.000125675
22400 0.000125552
22500 0.000125429
22600 0.000125307
22700 0.000125186
22800 0.000125065
22900 0.000124945
23000 0.000124826
23100 0.000124707
23200 0.000124589
23300 0.000124471
23400 0.000124354
23500 0.000124237
23600 0.000124121
23700 0.000124006
23800 0.000123891
23900 0.000123777
24000 0.000123663
24100 0.00012355
24200 0.000123437
24300 0.000123325
24400 0.000123213
24500 0.000123102
24600 0.000122991
24700 0.000122881
24800 0.000122771
24900 0.000122662
25000 0.000122553
25100 0.000122445
25200 0.000122337
25300 0.000122229
25400 0.000122122
25500 0.000122016
25600 0.00012191
25700 0.000121804
25800 0.000121699
25900 0.000121594
26000 0.00012149
26100 0.000121386
26200 0.000121282
26300 0.000121179
26400 0.000121076
26500 0.000120974
26600 0.000120872
26700 0.00012077
26800 0.000120669
26900 0.000120568
27000 0.000120467
27100 0.000120367
27200 0.000120268
27300 0.000120168
27400 0.000120069
27500 0.00011997
27600 0.000119872
27700 0.000119774
27800 0.000119676
27900 0.000119579
28000 0.000119482
28100 0.000119385
28200 0.000119289
28300 0.000119193
28400 0.000119097
28500 0.000119002
28600 0.000118907
28700 0.000118812
28800 0.000118718
28900 0.000118623
29000 0.000118529
29100 0.000118436
29200 0.000118343
29300 0.00011825
29400 0.000118157
29500 0.000118064
29600 0.000117972
29700 0.00011788
29800 0.000117789
29900 0.000117697
30000 0.000117606
30100 0.000117515
30200 0.000117425
30300 0.000117334
30400 0.000117244
30500 0.000117155
30600 0.000117065
30700 0.000116976
30800 0.000116887
30900 0.000116798
31000 0.000116709
31100 0.000116621
31200 0.000116533
31300 0.000116445
31400 0.000116357
31500 0.00011627
31600 0.000116183
31700 0.000116096
31800 0.000116009
31900 0.000115922
32000 0.000115836
32100 0.00011575
32200 0.000115664
32300 0.000115578
32400 0.000115493
32500 0.000115408
32600 0.000115322
32700 0.000115238
32800 0.000115153
32900 0.000115068
33000 0.000114984
33100 0.0001149
33200 0.000114816
33300 0.000114733
33400 0.000114649
33500 0.000114566
33600 0.000114483
33700 0.0001144
33800 0.000114317
33900 0.000114234
34000 0.000114152
34100 0.00011407
34200 0.000113988
34300 0.000113906
34400 0.000113824
34500 0.000113742
34600 0.000113661
34700 0.00011358
34800 0.000113499
34900 0.000113418
35000 0.000113337
35100 0.000113257
35200 0.000113176
35300 0.000113096
35400 0.000113016
35500 0.000112936
35600 0.000112856
35700 0.000112777
35800 0.000112697
35900 0.000112618
36000 0.000112539
36100 0.000112459
36200 0.000112381
36300 0.000112302
36400 0.000112223
36500 0.000112145
36600 0.000112066
36700 0.000111988
36800 0.00011191
36900 0.000111832
37000 0.000111755
37100 0.000111677
37200 0.000111599
37300 0.000111522
37400 0.000111445
37500 0.000111368
37600 0.000111291
37700 0.000111214
37800 0.000111137
37900 0.00011106
38000 0.000110984
38100 0.000110908
38200 0.000110831
38300 0.000110755
38400 0.000110679
38500 0.000110603
38600 0.000110528
38700 0.000110452
38800 0.000110376
38900 0.000110301
39000 0.000110226
39100 0.00011015
39200 0.000110075
39300 0.00011
39400 0.000109925
39500 0.000109851
39600 0.000109776
39700 0.000109701
39800 0.000109627
39900 0.000109553
40000 0.000109478
40100 0.000109404
40200 0.00010933
40300 0.000109256
40400 0.000109183
40500 0.000109109
40600 0.000109035
40700 0.000108962
40800 0.000108888
40900 0.000108815
41000 0.000108742
41100 0.000108668
41200 0.000108595
41300 0.000108522
41400 0.00010845
41500 0.000108377
41600 0.000108304
41700 0.000108232
41800 0.000108159
41900 0.000108087
42000 0.000108014
42100 0.000107942
42200 0.00010787
42300 0.000107798
42400 0.000107726
42500 0.000107654
42600 0.000107582
42700 0.00010751
42800 0.000107439
42900 0.000107367
43000 0.000107296
43100 0.000107224
43200 0.000107153
43300 0.000107082
43400 0.00010701
43500 0.000106939
43600 0.000106868
43700 0.000106797
43800 0.000106727
43900 0.000106656
44000 0.000106585
44100 0.000106514
44200 0.000106444
44300 0.000106373
44400 0.000106303
44500 0.000106233
44600 0.000106162
44700 0.000106092
44800 0.000106022
44900 0.000105952
45000 0.000105882
45100 0.000105812
45200 0.000105742
45300 0.000105672
45400 0.000105603
45500 0.000105533
45600 0.000105463
45700 0.000105394
45800 0.000105324
45900 0.000105255
46000 0.000105186
46100 0.000105116
46200 0.000105047
46300 0.000104978
46400 0.000104909
46500 0.00010484
46600 0.000104771
46700 0.000104702
46800 0.000104633
46900 0.000104564
47000 0.000104496
47100 0.000104427
47200 0.000104358
47300 0.00010429
47400 0.000104221
47500 0.000104153
47600 0.000104085
47700 0.000104016
47800 0.000103948
47900 0.00010388
48000 0.000103812
48100 0.000103743
48200 0.000103675
48300 0.000103607
48400 0.000103539
48500 0.000103472
48600 0.000103404
48700 0.000103336
48800 0.000103268
48900 0.0001032
49000 0.000103133
49100 0.000103065
49200 0.000102998
49300 0.00010293
49400 0.000102863
49500 0.000102795
49600 0.000102728
49700 0.000102661
49800 0.000102594
49900 0.000102526
50000 0.000102459
50100 0.000102392
50200 0.000102325
50300 0.000102258
50400 0.000102191
50500 0.000102124
50600 0.000102057
50700 0.00010199
50800 0.000101924
50900 0.000101857
51000 0.00010179
51100 0.000101724
51200 0.000101657
51300 0.00010159
51400 0.000101524
51500 0.000101457
51600 0.000101391
51700 0.000101325
51800 0.000101258
51900 0.000101192
52000 0.000101126
52100 0.000101059
52200 0.000100993
52300 0.000100927
52400 0.000100861
52500 0.000100795
52600 0.000100729
52700 0.000100663
52800 0.000100597
52900 0.000100531
53000 0.000100465
53100 0.000100399
53200 0.000100333
53300 0.000100268
53400 0.000100202
53500 0.000100136
53600 0.00010007
53700 0.000100005
53800 9.99392e-05
53900 9.98736e-05
54000 9.98081e-05
54100 9.97426e-05
54200 9.96771e-05
54300 9.96117e-05
54400 9.95463e-05
54500 9.9481e-05
54600 9.94156e-05
54700 9.93504e-05
54800 9.92851e-05
54900 9.92199e-05
55000 9.91547e-05
55100 9.90895e-05
55200 9.90244e-05
55300 9.89593e-05
55400 9.88942e-05
55500 9.88292e-05
55600 9.87642e-05
55700 9.86992e-05
55800 9.86343e-05
55900 9.85694e-05
56000 9.85045e-05
56100 9.84397e-05
56200 9.83749e-05
56300 9.83101e-05
56400 9.82454e-05
56500 9.81807e-05
56600 9.81161e-05
56700 9.80515e-05
56800 9.79871e-05
56900 9.79228e-05
57000 9.78587e-05
57100 9.77949e-05
57200 9.77316e-05
57300 9.7669e-05
57400 9.76077e-05
57500 9.75483e-05
57600 9.74919e-05
57700 9.74405e-05
57800 9.73971e-05
57900 9.73665e-05
58000 9.73568e-05
58100 9.73807e-05
58200 9.74591e-05
58300 9.76253e-05
58400 9.79323e-05
58500 9.84624e-05
58600 9.93401e-05
58700 0.000100742
58800 0.000102895
58900 0.000106042
59000 0.000110337
59100 0.000115702
59200 0.000121711
59300 0.000127671
59400 0.000132913
59500 0.00013705
59600 0.000140041
59700 0.000142063
59800 0.000143364
59900 0.000144167
60000 0.000144646
60100 0.00014492
60200 0.000145067
60300 0.000145137
60400 0.000145161
60500 0.000145159
60600 0.000145141
60700 0.000145116
60800 0.000145088
60900 0.000145058
61000 0.000145028
61100 0.000144999
61200 0.000144972
61300 0.000144947
61400 0.000144923
61500 0.000144901
61600 0.00014488
61700 0.000144861
61800 0.000144843
61900 0.000144827
62000 0.000144812
62100 0.000144798
62200 0.000144784
62300 0.000144772
62400 0.000144761
62500 0.00014475
62600 0.00014474
62700 0.00014473
62800 0.000144721
62900 0.000144713
63000 0.000144704
63100 0.000144696
63200 0.000144689
63300 0.000144681
63400 0.000144674
63500 0.000144666
63600 0.000144659
63700 0.000144652
63800 0.000144645
63900 0.000144638
64000 0.000144631
64100 0.000144623
64200 0.000144616
64300 0.000144608
64400 0.0001446
64500 0.000144592
64600 0.000144584
64700 0.000144576
64800 0.000144567
64900 0.000144558
65000 0.000144549
65100 0.00014454
65200 0.00014453
65300 0.00014452
65400 0.000144509
65500 0.000144499
65600 0.000144487
65700 0.000144476
65800 0.000144464
65900 0.000144452
66000 0.000144439
66100 0.000144426
66200 0.000144413
66300 0.000144399
66400 0.000144385
66500 0.00014437
66600 0.000144355
66700 0.00014434
66800 0.000144324
66900 0.000144307
67000 0.000144291
67100 0.000144274
67200 0.000144256
67300 0.000144238
67400 0.000144219
67500 0.0001442
67600 0.000144181
67700 0.000144161
67800 0.000144141
67900 0.00014412
68000 0.000144099
68100 0.000144077
68200 0.000144055
68300 0.000144032
68400 0.000144009
68500 0.000143986
68600 0.000143962
68700 0.000143937
68800 0.000143913
68900 0.000143887
69000 0.000143861
69100 0.000143835
69200 0.000143809
69300 0.000143781
69400 0.000143754
69500 0.000143726
69600 0.000143697
69700 0.000143668
69800 0.000143639
69900 0.000143609
70000 0.000143579
70100 0.000143548
70200 0.000143517
70300 0.000143485
70400 0.000143453
70500 0.00014342
70600 0.000143387
70700 0.000143354
70800 0.00014332
70900 0.000143285
71000 0.00014325
71100 0.000143215
71200 0.000143179
71300 0.000143143
71400 0.000143107
71500 0.00014307
71600 0.000143032
71700 0.000142994
71800 0.000142956
71900 0.000142917
72000 0.000142878
72100 0.000142838
72200 0.000142798
72300 0.000142758
72400 0.000142717
72500 0.000142675
72600 0.000142634
72700 0.000142591
72800 0.000142549
72900 0.000142506
73000 0.000142462
73100 0.000142418
73200 0.000142374
73300 0.000142329
73400 0.000142284
73500 0.000142239
73600 0.000142193
73700 0.000142146
73800 0.000142099
73900 0.000142052
74000 0.000142005
74100 0.000141956
74200 0.000141908
74300 0.000141859
74400 0.00014181
74500 0.00014176
74600 0.00014171
74700 0.00014166
74800 0.000141609
74900 0.000141558
75000 0.000141506
75100 0.000141454
75200 0.000141401
75300 0.000141349
75400 0.000141295
75500 0.000141242
75600 0.000141188
75700 0.000141133
75800 0.000141079
75900 0.000141024
76000 0.000140968
76100 0.000140912
76200 0.000140856
76300 0.000140799
76400 0.000140742
76500 0.000140685
76600 0.000140627
76700 0.000140569
76800 0.00014051
76900 0.000140451
77000 0.000140392
77100 0.000140332
77200 0.000140272
77300 0.000140212
77400 0.000140151
77500 0.00014009
77600 0.000140029
77700 0.000139967
77800 0.000139905
77900 0.000139842
78000 0.000139779
78100 0.000139716
78200 0.000139652
78300 0.000139588
78400 0.000139524
78500 0.000139459
78600 0.000139394
78700 0.000139329
78800 0.000139263
78900 0.000139197
79000 0.000139131
79100 0.000139064
79200 0.000138997
79300 0.00013893
79400 0.000138862
79500 0.000138794
79600 0.000138725
79700 0.000138657
79800 0.000138588
79900 0.000138518
80000 0.000138448
80100 0.000138378
80200 0.000138308
80300 0.000138237
80400 0.000138166
80500 0.000138095
80600 0.000138023
80700 0.000137951
80800 0.000137879
80900 0.000137806
81000 0.000137733
81100 0.00013766
81200 0.000137587
81300 0.000137513
81400 0.000137438
81500 0.000137364
81600 0.000137289
81700 0.000137214
81800 0.000137139
81900 0.000137063
82000 0.000136987
82100 0.000136911
82200 0.000136834
82300 0.000136757
82400 0.00013668
82500 0.000136602
82600 0.000136525
82700 0.000136446
82800 0.000136368
82900 0.000136289
83000 0.00013621
83100 0.000136131
83200 0.000136052
83300 0.000135972
83400 0.000135892
83500 0.000135811
83600 0.000135731
83700 0.00013565
83800 0.000135568
83900 0.000135487
84000 0.000135405
84100 0.000135323
84200 0.000135241
84300 0.000135158
84400 0.000135075
84500 0.000134992
84600 0.000134909
84700 0.000134825
84800 0.000134741
84900 0.000134657
85000 0.000134572
85100 0.000134488
85200 0.000134403
85300 0.000134317
85400 0.000134232
85500 0.000134146
85600 0.00013406
85700 0.000133974
85800 0.000133887
85900 0.0001338
86000 0.000133713
86100 0.000133626
86200 0.000133538
86300 0.000133451
86400 0.000133363
86500 0.000133274
86600 0.000133186
86700 0.000133097
86800 0.000133008
86900 0.000132919
87000 0.000132829
87100 0.00013274
87200 0.00013265
87300 0.00013256
87400 0.000132469
87500 0.000132379
87600 0.000132288
87700 0.000132197
87800 0.000132105
87900 0.000132014
88000 0.000131922
88100 0.00013183
88200 0.000131738
88300 0.000131645
88400 0.000131553
88500 0.00013146
88600 0.000131367
88700 0.000131273
88800 0.00013118
88900 0.000131086
89000 0.000130992
89100 0.000130898
89200 0.000130803
89300 0.000130709
89400 0.000130614
89500 0.000130519
89600 0.000130424
89700 0.000130328
89800 0.000130233
89900 0.000130137
90000 0.000130041
90100 0.000129944
90200 0.000129848
90300 0.000129751
90400 0.000129655
90500 0.000129557
90600 0.00012946
90700 0.000129363
90800 0.000129265
90900 0.000129167
91000 0.000129069
91100 0.000128971
91200 0.000128873
91300 0.000128774
91400 0.000128676
91500 0.000128577
91600 0.000128478
91700 0.000128378
91800 0.000128279
91900 0.000128179
92000 0.000128079
92100 0.000127979
92200 0.000127879
92300 0.000127779
92400 0.000127678
92500 0.000127578
92600 0.000127477
92700 0.000127376
92800 0.000127274
92900 0.000127173
93000 0.000127071
93100 0.00012697
93200 0.000126868
93300 0.000126766
93400 0.000126664
93500 0.000126561
93600 0.000126459
93700 0.000126356
93800 0.000126253
93900 0.00012615
94000 0.000126047
94100 0.000125944
94200 0.00012584
94300 0.000125737
94400 0.000125633
94500 0.000125529
94600 0.000125425
94700 0.000125321
94800 0.000125216
94900 0.000125112
95000 0.000125007
95100 0.000124902
95200 0.000124797
95300 0.000124692
95400 0.000124587
95500 0.000124482
95600 0.000124376
95700 0.000124271
95800 0.000124165
95900 0.000124059
96000 0.000123953
96100 0.000123847
96200 0.00012374
96300 0.000123634
96400 0.000123527
96500 0.000123421
96600 0.000123314
96700 0.000123207
96800 0.0001231
96900 0.000122992
97000 0.000122885
97100 0.000122778
97200 0.00012267
97300 0.000122562
97400 0.000122454
97500 0.000122347
97600 0.000122238
97700 0.00012213
97800 0.000122022
97900 0.000121914
98000 0.000121805
98100 0.000121696
98200 0.000121588
98300 0.000121479
98400 0.00012137
98500 0.000121261
98600 0.000121151
98700 0.000121042
98800 0.000120933
98900 0.000120823
99000 0.000120714
99100 0.000120604
99200 0.000120494
99300 0.000120384
99400 0.000120274
99500 0.000120164
99600 0.000120054
99700 0.000119943
99800 0.000119833
99900 0.000119722
100000 0.000119612
100100 0.000119501
100200 0.00011939
100300 0.000119279
100400 0.000119168
100500 0.000119057
100600 0.000118946
100700 0.000118835
100800 0.000118724
100900 0.000118612
101000 0.000118501
101100 0.000118389
101200 0.000118277
101300 0.000118166
101400 0.000118054
101500 0.000117942
101600 0.00011783
101700 0.000117718
101800 0.000117606
101900 0.000117493
102000 0.000117381
102100 0.000117269
102200 0.000117156
102300 0.000117044
102400 0.000116931
102500 0.000116818
102600 0.000116706
102700 0.000116593
102800 0.00011648
102900 0.000116367
103000 0.000116254
103100 0.000116141
103200 0.000116028
103300 0.000115914
103400 0.000115801
103500 0.000115688
103600 0.000115574
103700 0.000115461
103800 0.000115347
103900 0.000115234
104000 0.00011512
104100 0.000115006
104200 0.000114892
104300 0.000114779
104400 0.000114665
104500 0.000114551
104600 0.000114437
104700 0.000114323
104800 0.000114208
104900 0.000114094
105000 0.00011398
105100 0.000113866
105200 0.000113751
105300 0.000113637
105400 0.000113523
105500 0.000113408
105600 0.000113294
105700 0.000113179
105800 0.000113065
105900 0.00011295
106000 0.000112835
106100 0.00011272
106200 0.000112606
106300 0.000112491
106400 0.000112376
106500 0.000112261
106600 0.000112146
106700 0.000112031
106800 0.000111916
106900 0.000111801
107000 0.000111686
107100 0.000111571
107200 0.000111456
107300 0.000111341
107400 0.000111225
107500 0.00011111
107600 0.000110995
107700 0.00011088
107800 0.000110764
107900 0.000110649
108000 0.000110533
108100 0.000110418
108200 0.000110303
108300 0.000110187
108400 0.000110072
108500 0.000109956
108600 0.000109841
108700 0.000109725
108800 0.000109609
108900 0.000109494
109000 0.000109378
109100 0.000109262
109200 0.000109147
109300 0.000109031
109400 0.000108915
109500 0.0001088
109600 0.000108684
109700 0.000108568
109800 0.000108452
109900 0.000108337
110000 0.000108221
110100 0.000108105
110200 0.000107989
110300 0.000107873
110400 0.000107757
110500 0.000107642
110600 0.000107526
110700 0.00010741
110800 0.000107294
110900 0.000107178
111000 0.000107062
111100 0.000106946
111200 0.00010683
111300 0.000106714
111400 0.000106598
111500 0.000106482
111600 0.000106366
111700 0.000106251
111800 0.000106135
111900 0.000106019
112000 0.000105903
112100 0.000105787
112200 0.000105671
112300 0.000105555
112400 0.000105439
112500 0.000105323
112600 0.000105207
112700 0.000105091
112800 0.000104975
112900 0.000104859
113000 0.000104743
113100 0.000104627
113200 0.000104512
113300 0.000104396
113400 0.00010428
113500 0.000104164
113600 0.000104048
113700 0.000103932
113800 0.000103816
113900 0.000103701
114000 0.000103585
114100 0.000103469
114200 0.000103353
114300 0.000103237
114400 0.000103122
114500 0.000103006
114600 0.00010289
114700 0.000102774
114800 0.000102659
114900 0.000102543
115000 0.000102427
115100 0.000102312
115200 0.000102196
115300 0.00010208
115400 0.000101965
115500 0.000101849
115600 0.000101734
115700 0.000101618
115800 0.000101502
115900 0.000101387
116000 0.000101272
116100 0.000101156
116200 0.000101041
116300 0.000100925
116400 0.00010081
116500 0.000100695
116600 0.000100579
116700 0.000100464
116800 0.000100349
116900 0.000100233
117000 0.000100118
117100 0.000100003
117200 9.98879e-05
117300 9.97728e-05
117400 9.96577e-05
117500 9.95426e-05
117600 9.94276e-05
117700 9.93126e-05
117800 9.91976e-05
117900 9.90827e-05
118000 9.89678e-05
118100 9.88529e-05
118200 9.87381e-05
118300 9.86233e-05
118400 9.85086e-05
118500 9.83938e-05
118600 9.82792e-05
118700 9.81645e-05
118800 9.80499e-05
118900 9.79353e-05
119000 9.78208e-05
119100 9.77063e-05
119200 9.75919e-05
119300 9.74774e-05
119400 9.73631e-05
119500 9.72487e-05
119600 9.71344e-05
119700 9.70202e-05
119800 9.6906e-05
119900 9.67918e-05
120000 9.66777e-05
120100 9.65636e-05
120200 9.64496e-05
120300 9.63356e-05
120400 9.62217e-05
120500 9.61078e-05
120600 9.59939e-05
120700 9.58801e-05
120800 9.57664e-05
120900 9.56527e-05
121000 9.5539e-05
121100 9.54254e-05
121200 9.53119e-05
121300 9.51983e-05
121400 9.50849e-05
121500 9.49715e-05
121600 9.48581e-05
121700 9.47448e-05
121800 9.46315e-05
121900 9.45183e-05
122000 9.44052e-05
122100 9.42921e-05
122200 9.4179e-05
122300 9.4066e-05
122400 9.39531e-05
122500 9.38402e-05
122600 9.37274e-05
122700 9.36146e-05
122800 9.35019e-05
122900 9.33892e-05
123000 9.32766e-05
123100 9.31641e-05
123200 9.30516e-05
123300 9.29391e-05
123400 9.28268e-05
123500 9.27144e-05
123600 9.26022e-05
123700 9.249e-05
123800 9.23778e-05
123900 9.22658e-05
124000 9.21537e-05
124100 9.20418e-05
124200 9.19299e-05
124300 9.18181e-05
124400 9.17063e-05
124500 9.15946e-05
124600 9.14829e-05
124700 9.13714e-05
124800 9.12598e-05
124900 9.11484e-05
125000 9.1037e-05
125100 9.09257e-05
125200 9.08144e-05
125300 9.07032e-05
125400 9.05921e-05
125500 9.0481e-05
125600 9.037e-05
125700 9.02591e-05
125800 9.01482e-05
125900 9.00374e-05
126000 8.99267e-05
126100 8.98161e-05
126200 8.97055e-05
126300 8.95949e-05
126400 8.94845e-05
126500 8.93741e-05
126600 8.92638e-05
126700 8.91536e-05
126800 8.90434e-05
126900 8.89333e-05
127000 8.88233e-05
127100 8.87133e-05
127200 8.86035e-05
127300 8.84936e-05
127400 8.83839e-05
127500 8.82742e-05
127600 8.81647e-05
127700 8.80551e-05
127800 8.79457e-05
127900 8.78363e-05
128000 8.77271e-05
128100 8.76178e-05
128200 8.75087e-05
128300 8.73996e-05
128400 8.72907e-05
128500 8.71817e-05
128600 8.70729e-05
128700 8.69642e-05
128800 8.68555e-05
128900 8.67469e-05
129000 8.66384e-05
129100 8.65299e-05
129200 8.64216e-05
129300 8.63133e-05
129400 8.62051e-05
129500 8.60969e-05
129600 8.59889e-05
129700 8.58809e-05
129800 8.5773e-05
129900 8.56652e-05
130000 8.55575e-05
130100 8.54499e-05
130200 8.53423e-05
130300 8.52348e-05
130400 8.51274e-05
130500 8.50201e-05
130600 8.49129e-05
130700 8.48058e-05
130800 8.46987e-05
130900 8.45917e-05
131000 8.44848e-05
131100 8.4378e-05
131200 8.42713e-05
131300 8.41647e-05
131400 8.40581e-05
131500 8.39516e-05
131600 8.38452e-05
131700 8.3739e-05
131800 8.36327e-05
131900 8.35266e-05
132000 8.34206e-05
132100 8.33146e-05
132200 8.32088e-05
132300 8.3103e-05
132400 8.29973e-05
132500 8.28917e-05
132600 8.27862e-05
132700 8.26808e-05
132800 8.25754e-05
132900 8.24702e-05
133000 8.2365e-05
133100 8.226e-05
133200 8.2155e-05
133300 8.20501e-05
133400 8.19453e-05
133500 8.18406e-05
133600 8.1736e-05
133700 8.16315e-05
133800 8.15271e-05
133900 8.14227e-05
134000 8.13185e-05
134100 8.12143e-05
134200 8.11103e-05
134300 8.10063e-05
134400 8.09024e-05
134500 8.07986e-05
134600 8.06949e-05
134700 8.05914e-05
134800 8.04878e-05
134900 8.03844e-05
135000 8.02811e-05
135100 8.01779e-05
135200 8.00748e-05
135300 7.99718e-05
135400 7.98688e-05
135500 7.9766e-05
135600 7.96632e-05
135700 7.95606e-05
135800 7.9458e-05
135900 7.93556e-05
136000 7.92532e-05
136100 7.9151e-05
136200 7.90488e-05
136300 7.89467e-05
136400 7.88448e-05
136500 7.87429e-05
136600 7.86411e-05
136700 7.85394e-05
136800 7.84379e-05
136900 7.83364e-05
137000 7.8235e-05
137100 7.81337e-05
137200 7.80325e-05
137300 7.79314e-05
137400 7.78304e-05
137500 7.77296e-05
137600 7.76288e-05
137700 7.75281e-05
137800 7.74275e-05
137900 7.7327e-05
138000 7.72266e-05
138100 7.71263e-05
138200 7.70262e-05
138300 7.69261e-05
138400 7.68261e-05
138500 7.67262e-05
138600 7.66264e-05
138700 7.65268e-05
138800 7.64272e-05
138900 7.63277e-05
139000 7.62283e-05
139100 7.61291e-05
139200 7.60299e-05
139300 7.59308e-05
139400 7.58319e-05
139500 7.5733e-05
139600 7.56343e-05
139700 7.55356e-05
139800 7.54371e-05
139900 7.53386e-05
140000 7.52403e-05
140100 7.5142e-05
140200 7.50439e-05
140300 7.49459e-05
140400 7.4848e-05
140500 7.47502e-05
140600 7.46524e-05
140700 7.45548e-05
140800 7.44573e-05
140900 7.43599e-05
141000 7.42626e-05
141100 7.41655e-05
141200 7.40684e-05
141300 7.39714e-05
141400 7.38745e-05
141500 7.37778e-05
141600 7.36811e-05
141700 7.35846e-05
141800 7.34881e-05
141900 7.33918e-05
142000 7.32956e-05
142100 7.31995e-05
142200 7.31035e-05
142300 7.30076e-05
142400 7.29118e-05
142500 7.28161e-05
142600 7.27205e-05
142700 7.2625e-05
142800 7.25297e-05
142900 7.24344e-05
143000 7.23393e-05
143100 7.22442e-05
143200 7.21493e-05
143300 7.20545e-05
143400 7.19598e-05
143500 7.18652e-05
143600 7.17707e-05
143700 7.16763e-05
143800 7.1582e-05
143900 7.14878e-05
144000 7.13938e-05
144100 7.12998e-05
144200 7.1206e-05
144300 7.11123e-05
144400 7.10187e-05
144500 7.09252e-05
144600 7.08318e-05
144700 7.07385e-05
144800 7.06453e-05
144900 7.05522e-05
145000 7.04593e-05
145100 7.03665e-05
145200 7.02737e-05
145300 7.01811e-05
145400 7.00886e-05
145500 6.99962e-05
145600 6.99039e-05
145700 6.98118e-05
145800 6.97197e-05
145900 6.96277e-05
146000 6.95359e-05
146100 6.94442e-05
146200 6.93526e-05
146300 6.92611e-05
146400 6.91697e-05
146500 6.90784e-05
146600 6.89873e-05
146700 6.88962e-05
146800 6.88053e-05
146900 6.87144e-05
147000 6.86237e-05
147100 6.85331e-05
147200 6.84427e-05
147300 6.83523e-05
147400 6.8262e-05
147500 6.81719e-05
147600 6.80819e-05
147700 6.79919e-05
147800 6.79021e-05
147900 6.78124e-05
148000 6.77229e-05
148100 6.76334e-05
148200 6.75441e-05
148300 6.74548e-05
148400 6.73657e-05
148500 6.72767e-05
148600 6.71878e-05
148700 6.7099e-05
148800 6.70104e-05
148900 6.69218e-05
149000 6.68334e-05
149100 6.67451e-05
149200 6.66569e-05
149300 6.65688e-05
149400 6.64808e-05
149500 6.6393e-05
149600 6.63052e-05
149700 6.62176e-05
149800 6.61301e-05
149900 6.60427e-05
150000 6.59554e-05
150100 6.58682e-05
150200 6.57812e-05
150300 6.56943e-05
150400 6.56074e-05
150500 6.55207e-05
150600 6.54341e-05
150700 6.53477e-05
150800 6.52613e-05
150900 6.51751e-05
151000 6.50889e-05
151100 6.50029e-05
151200 6.4917e-05
151300 6.48313e-05
151400 6.47456e-05
151500 6.46601e-05
151600 6.45746e-05
151700 6.44893e-05
151800 6.44041e-05
151900 6.43191e-05
152000 6.42341e-05
152100 6.41492e-05
152200 6.40645e-05
152300 6.39799e-05
152400 6.38954e-05
152500 6.3811e-05
152600 6.37268e-05
152700 6.36426e-05
152800 6.35586e-05
152900 6.34747e-05
153000 6.33909e-05
153100 6.33072e-05
153200 6.32237e-05
153300 6.31402e-05
153400 6.30569e-05
153500 6.29737e-05
153600 6.28906e-05
153700 6.28076e-05
153800 6.27248e-05
153900 6.2642e-05
154000 6.25594e-05
154100 6.24769e-05
154200 6.23945e-05
154300 6.23122e-05
154400 6.22301e-05
154500 6.21481e-05
154600 6.20661e-05
154700 6.19843e-05
154800 6.19027e-05
154900 6.18211e-05
155000 6.17397e-05
155100 6.16583e-05
155200 6.15771e-05
155300 6.1496e-05
155400 6.1415e-05
155500 6.13342e-05
155600 6.12534e-05
155700 6.11728e-05
155800 6.10923e-05
155900 6.10119e-05
156000 6.09317e-05
156100 6.08515e-05
156200 6.07715e-05
156300 6.06916e-05
156400 6.06118e-05
156500 6.05321e-05
156600 6.04525e-05
156700 6.03731e-05
156800 6.02938e-05
156900 6.02146e-05
157000 6.01355e-05
157100 6.00565e-05
157200 5.99777e-05
157300 5.98989e-05
157400 5.98203e-05
157500 5.97418e-05
157600 5.96634e-05
157700 5.95852e-05
157800 5.9507e-05
157900 5.9429e-05
158000 5.93511e-05
158100 5.92733e-05
158200 5.91956e-05
158300 5.91181e-05
158400 5.90406e-05
158500 5.89633e-05
158600 5.88861e-05
158700 5.8809e-05
158800 5.87321e-05
158900 5.86552e-05
159000 5.85785e-05
159100 5.85019e-05
159200 5.84254e-05
159300 5.8349e-05
159400 5.82728e-05
159500 5.81967e-05
159600 5.81206e-05
159700 5.80447e-05
159800 5.7969e-05
159900 5.78933e-05
160000 5.78178e-05
160100 5.77423e-05
160200 5.7667e-05
160300 5.75918e-05
160400 5.75168e-05
160500 5.74418e-05
160600 5.7367e-05
160700 5.72923e-05
160800 5.72177e-05
160900 5.71432e-05
161000 5.70688e-05
161100 5.69946e-05
161200 5.69204e-05
161300 5.68464e-05
161400 5.67725e-05
161500 5.66988e-05
161600 5.66251e-05
161700 5.65516e-05
161800 5.64782e-05
161900 5.64048e-05
162000 5.63317e-05
162100 5.62586e-05
162200 5.61856e-05
162300 5.61128e-05
162400 5.60401e-05
162500 5.59675e-05
162600 5.5895e-05
162700 5.58227e-05
162800 5.57504e-05
162900 5.56783e-05
163000 5.56063e-05
163100 5.55344e-05
163200 5.54626e-05
163300 5.5391e-05
163400 5.53195e-05
163500 5.5248e-05
163600 5.51767e-05
163700 5.51055e-05
163800 5.50345e-05
163900 5.49635e-05
164000 5.48927e-05
164100 5.4822e-05
164200 5.47514e-05
164300 5.46809e-05
164400 5.46105e-05
164500 5.45403e-05
164600 5.44702e-05
164700 5.44002e-05
164800 5.43303e-05
164900 5.42605e-05
165000 5.41908e-05
165100 5.41213e-05
165200 5.40519e-05
165300 5.39825e-05
165400 5.39134e-05
165500 5.38443e-05
165600 5.37753e-05
165700 5.37065e-05
165800 5.36378e-05
165900 5.35691e-05
166000 5.35007e-05
166100 5.34323e-05
166200 5.3364e-05
166300 5.32959e-05
166400 5.32278e-05
166500 5.31599e-05
166600 5.30921e-05
166700 5.30245e-05
166800 5.29569e-05
166900 5.28895e-05
167000 5.28221e-05
167100 5.27549e-05
167200 5.26878e-05
167300 5.26208e-05
167400 5.2554e-05
167500 5.24872e-05
167600 5.24206e-05
167700 5.23541e-05
167800 5.22877e-05
167900 5.22214e-05
168000 5.21552e-05
168100 5.20892e-05
168200 5.20232e-05
168300 5.19574e-05
168400 5.18917e-05
168500 5.18261e-05
168600 5.17606e-05
168700 5.16953e-05
168800 5.163e-05
168900 5.15649e-05
169000 5.14999e-05
169100 5.1435e-05
169200 5.13702e-05
169300 5.13055e-05
169400 5.1241e-05
169500 5.11765e-05
169600 5.11122e-05
169700 5.1048e-05
169800 5.09839e-05
169900 5.09199e-05
170000 5.08561e-05
170100 5.07923e-05
170200 5.07287e-05
170300 5.06652e-05
170400 5.06017e-05
170500 5.05385e-05
170600 5.04753e-05
170700 5.04122e-05
170800 5.03493e-05
170900 5.02864e-05
171000 5.02237e-05
171100 5.01611e-05
171200 5.00986e-05
171300 5.00362e-05
171400 4.99739e-05
171500 4.99118e-05
171600 4.98497e-05
171700 4.97878e-05
171800 4.9726e-05
171900 4.96643e-05
172000 4.96027e-05
172100 4.95412e-05
172200 4.94799e-05
172300 4.94186e-05
172400 4.93575e-05
172500 4.92965e-05
172600 4.92356e-05
172700 4.91748e-05
172800 4.91141e-05
172900 4.90535e-05
173000 4.8993e-05
173100 4.89327e-05
173200 4.88725e-05
173300 4.88123e-05
173400 4.87523e-05
173500 4.86924e-05
173600 4.86327e-05
173700 4.8573e-05
173800 4.85134e-05
173900 4.8454e-05
174000 4.83946e-05
174100 4.83354e-05
174200 4.82763e-05
174300 4.82173e-05
174400 4.81584e-05
174500 4.80996e-05
174600 4.8041e-05
174700 4.79824e-05
174800 4.7924e-05
174900 4.78656e-05
175000 4.78074e-05
175100 4.77493e-05
175200 4.76913e-05
175300 4.76334e-05
175400 4.75756e-05
175500 4.7518e-05
175600 4.74604e-05
175700 4.7403e-05
175800 4.73456e-05
175900 4.72884e-05
176000 4.72313e-05
176100 4.71743e-05
176200 4.71174e-05
176300 4.70606e-05
176400 4.70039e-05
176500 4.69474e-05
176600 4.68909e-05
176700 4.68346e-05
176800 4.67783e-05
176900 4.67222e-05
177000 4.66662e-05
177100 4.66103e-05
177200 4.65545e-05
177300 4.64988e-05
177400 4.64432e-05
177500 4.63877e-05
177600 4.63324e-05
177700 4.62771e-05
177800 4.6222e-05
177900 4.61669e-05
178000 4.6112e-05
178100 4.60572e-05
178200 4.60025e-05
178300 4.59479e-05
178400 4.58934e-05
178500 4.5839e-05
178600 4.57847e-05
178700 4.57305e-05
178800 4.56765e-05
178900 4.56225e-05
179000 4.55687e-05
179100 4.55149e-05
179200 4.54613e-05
179300 4.54078e-05
179400 4.53544e-05
179500 4.53011e-05
179600 4.52479e-05
179700 4.51948e-05
179800 4.51418e-05
179900 4.50889e-05
180000 4.50361e-05
180100 4.49835e-05
180200 4.49309e-05
180300 4.48784e-05
180400 4.48261e-05
180500 4.47738e-05
180600 4.47217e-05
180700 4.46697e-05
180800 4.46177e-05
180900 4.45659e-05
181000 4.45142e-05
181100 4.44626e-05
181200 4.44111e-05
181300 4.43597e-05
181400 4.43084e-05
181500 4.42572e-05
181600 4.42062e-05
181700 4.41552e-05
181800 4.41043e-05
181900 4.40535e-05
182000 4.40029e-05
182100 4.39523e-05
182200 4.39019e-05
182300 4.38515e-05
182400 4.38013e-05
182500 4.37511e-05
182600 4.37011e-05
182700 4.36512e-05
182800 4.36014e-05
182900 4.35516e-05
183000 4.3502e-05
183100 4.34525e-05
183200 4.34031e-05
183300 4.33538e-05
183400 4.33046e-05
183500 4.32555e-05
183600 4.32065e-05
183700 4.31576e-05
183800 4.31088e-05
183900 4.30601e-05
184000 4.30115e-05
184100 4.2963e-05
184200 4.29147e-05
184300 4.28664e-05
184400 4.28182e-05
184500 4.27701e-05
184600 4.27221e-05
184700 4.26743e-05
184800 4.26265e-05
184900 4.25788e-05
185000 4.25313e-05
185100 4.24838e-05
185200 4.24365e-05
185300 4.23892e-05
185400 4.2342e-05
185500 4.2295e-05
185600 4.2248e-05
185700 4.22012e-05
185800 4.21544e-05
185900 4.21078e-05
186000 4.20612e-05
186100 4.20147e-05
186200 4.19684e-05
186300 4.19221e-05
186400 4.1876e-05
186500 4.18299e-05
186600 4.1784e-05
186700 4.17381e-05
186800 4.16924e-05
186900 4.16467e-05
187000 4.16012e-05
187100 4.15557e-05
187200 4.15104e-05
187300 4.14651e-05
187400 4.142e-05
187500 4.13749e-05
187600 4.13299e-05
187700 4.12851e-05
187800 4.12403e-05
187900 4.11957e-05
188000 4.11511e-05
188100 4.11066e-05
188200 4.10623e-05
188300 4.1018e-05
188400 4.09738e-05
188500 4.09297e-05
188600 4.08858e-05
188700 4.08419e-05
188800 4.07981e-05
188900 4.07544e-05
189000 4.07108e-05
189100 4.06673e-05
189200 4.06239e-05
189300 4.05807e-05
189400 4.05375e-05
189500 4.04944e-05
189600 4.04513e-05
189700 4.04084e-05
189800 4.03656e-05
189900 4.03229e-05
190000 4.02803e-05
190100 4.02378e-05
190200 4.01953e-05
190300 4.0153e-05
190400 4.01108e-05
190500 4.00686e-05
190600 4.00266e-05
190700 3.99846e-05
190800 3.99428e-05
190900 3.9901e-05
191000 3.98593e-05
191100 3.98178e-05
191200 3.97763e-05
191300 3.97349e-05
191400 3.96936e-05
191500 3.96524e-05
191600 3.96113e-05
191700 3.95703e-05
191800 3.95294e-05
191900 3.94886e-05
192000 3.94479e-05
192100 3.94073e-05
192200 3.93667e-05
192300 3.93263e-05
192400 3.92859e-05
192500 3.92457e-05
192600 3.92055e-05
192700 3.91654e-05
192800 3.91255e-05
192900 3.90856e-05
193000 3.90458e-05
193100 3.90061e-05
193200 3.89665e-05
193300 3.8927e-05
193400 3.88875e-05
193500 3.88482e-05
193600 3.8809e-05
193700 3.87698e-05
193800 3.87308e-05
193900 3.86918e-05
194000 3.86529e-05
194100 3.86141e-05
194200 3.85755e-05
194300 3.85369e-05
194400 3.84984e-05
194500 3.84599e-05
194600 3.84216e-05
194700 3.83834e-05
194800 3.83452e-05
194900 3.83072e-05
195000 3.82692e-05
195100 3.82313e-05
195200 3.81935e-05
195300 3.81558e-05
195400 3.81182e-05
195500 3.80807e-05
195600 3.80433e-05
195700 3.8006e-05
195800 3.79687e-05
195900 3.79315e-05
196000 3.78945e-05
196100 3.78575e-05
196200 3.78206e-05
196300 3.77838e-05
196400 3.77471e-05
196500 3.77104e-05
196600 3.76739e-05
196700 3.76374e-05
196800 3.76011e-05
196900 3.75648e-05
197000 3.75286e-05
197100 3.74925e-05
197200 3.74565e-05
197300 3.74206e-05
197400 3.73847e-05
197500 3.7349e-05
197600 3.73133e-05
197700 3.72777e-05
197800 3.72422e-05
197900 3.72068e-05
198000 3.71715e-05
198100 3.71363e-05
198200 3.71011e-05
198300 3.70661e-05
198400 3.70311e-05
198500 3.69962e-05
198600 3.69614e-05
198700 3.69267e-05
198800 3.6892e-05
198900 3.68575e-05
199000 3.6823e-05
199100 3.67886e-05
199200 3.67543e-05
199300 3.67201e-05
199400 3.6686e-05
199500 3.6652e-05
199600 3.6618e-05
199700 3.65841e-05
199800 3.65504e-05
199900 3.65166e-05
200000 3.6483e-05
200100 3.64495e-05
200200 3.6416e-05
200300 3.63827e-05
200400 3.63494e-05
200500 3.63162e-05
200600 3.62831e-05
200700 3.625e-05
200800 3.62171e-05
200900 3.61842e-05
201000 3.61514e-05
201100 3.61187e-05
201200 3.60861e-05
201300 3.60535e-05
201400 3.60211e-05
201500 3.59887e-05
201600 3.59564e-05
201700 3.59242e-05
201800 3.5892e-05
201900 3.586e-05
202000 3.5828e-05
202100 3.57961e-05
202200 3.57643e-05
202300 3.57326e-05
202400 3.57009e-05
202500 3.56694e-05
202600 3.56379e-05
202700 3.56065e-05
202800 3.55751e-05
202900 3.55439e-05
203000 3.55127e-05
203100 3.54816e-05
203200 3.54506e-05
203300 3.54197e-05
203400 3.53888e-05
203500 3.53581e-05
203600 3.53274e-05
203700 3.52968e-05
203800 3.52662e-05
203900 3.52358e-05
204000 3.52054e-05
204100 3.51751e-05
204200 3.51449e-05
204300 3.51147e-05
204400 3.50847e-05
204500 3.50547e-05
204600 3.50248e-05
204700 3.49949e-05
204800 3.49652e-05
204900 3.49355e-05
205000 3.49059e-05
205100 3.48764e-05
205200 3.48469e-05
205300 3.48176e-05
205400 3.47883e-05
205500 3.4759e-05
205600 3.47299e-05
205700 3.47008e-05
205800 3.46718e-05
205900 3.46429e-05
206000 3.46141e-05
206100 3.45853e-05
206200 3.45567e-05
206300 3.4528e-05
206400 3.44995e-05
206500 3.4471e-05
206600 3.44427e-05
206700 3.44143e-05
206800 3.43861e-05
206900 3.4358e-05
207000 3.43299e-05
207100 3.43019e-05
207200 3.42739e-05
207300 3.4246e-05
207400 3.42183e-05
207500 3.41905e-05
207600 3.41629e-05
207700 3.41353e-05
207800 3.41078e-05
207900 3.40804e-05
208000 3.40531e-05
208100 3.40258e-05
208200 3.39986e-05
208300 3.39714e-05
208400 3.39444e-05
208500 3.39174e-05
208600 3.38905e-05
208700 3.38636e-05
208800 3.38369e-05
208900 3.38102e-05
209000 3.37835e-05
209100 3.3757e-05
209200 3.37305e-05
209300 3.37041e-05
209400 3.36777e-05
209500 3.36514e-05
209600 3.36252e-05
209700 3.35991e-05
209800 3.35731e-05
209900 3.35471e-05
210000 3.35211e-05
210100 3.34953e-05
210200 3.34695e-05
210300 3.34438e-05
210400 3.34182e-05
210500 3.33926e-05
210600 3.33671e-05
210700 3.33416e-05
210800 3.33163e-05
210900 3.3291e-05
211000 3.32658e-05
211100 3.32406e-05
211200 3.32155e-05
211300 3.31905e-05
211400 3.31655e-05
211500 3.31406e-05
211600 3.31158e-05
211700 3.30911e-05
211800 3.30664e-05
211900 3.30418e-05
212000 3.30172e-05
212100 3.29928e-05
212200 3.29683e-05
212300 3.2944e-05
212400 3.29197e-05
212500 3.28955e-05
212600 3.28714e-05
212700 3.28473e-05
212800 3.28233e-05
212900 3.27993e-05
213000 3.27754e-05
213100 3.27516e-05
213200 3.27279e-05
213300 3.27042e-05
213400 3.26806e-05
213500 3.2657e-05
213600 3.26335e-05
213700 3.26101e-05
213800 3.25867e-05
213900 3.25634e-05
214000 3.25402e-05
214100 3.2517e-05
214200 3.24939e-05
214300 3.24709e-05
214400 3.24479e-05
214500 3.2425e-05
214600 3.24021e-05
214700 3.23794e-05
214800 3.23566e-05
214900 3.2334e-05
215000 3.23114e-05
215100 3.22888e-05
215200 3.22664e-05
215300 3.2244e-05
215400 3.22216e-05
215500 3.21993e-05
215600 3.21771e-05
215700 3.2155e-05
215800 3.21329e-05
215900 3.21108e-05
216000 3.20889e-05
216100 3.20669e-05
216200 3.20451e-05
216300 3.20233e-05
216400 3.20016e-05
216500 3.19799e-05
216600 3.19583e-05
216700 3.19367e-05
216800 3.19153e-05
216900 3.18938e-05
217000 3.18725e-05
217100 3.18511e-05
217200 3.18299e-05
217300 3.18087e-05
217400 3.17876e-05
217500 3.17665e-05
217600 3.17455e-05
217700 3.17245e-05
217800 3.17037e-05
217900 3.16828e-05
218000 3.1662e-05
218100 3.16413e-05
218200 3.16207e-05
218300 3.16001e-05
218400 3.15795e-05
218500 3.1559e-05
218600 3.15386e-05
218700 3.15182e-05
218800 3.14979e-05
218900 3.14777e-05
219000 3.14575e-05
219100 3.14373e-05
219200 3.14172e-05
219300 3.13972e-05
219400 3.13772e-05
219500 3.13573e-05
219600 3.13375e-05
219700 3.13177e-05
219800 3.12979e-05
219900 3.12782e-05
220000 3.12586e-05
220100 3.1239e-05
220200 3.12195e-05
220300 3.12e-05
220400 3.11806e-05
220500 3.11612e-05
220600 3.11419e-05
220700 3.11227e-05
220800 3.11035e-05
220900 3.10843e-05
221000 3.10653e-05
221100 3.10462e-05
221200 3.10272e-05
221300 3.10083e-05
221400 3.09894e-05
221500 3.09706e-05
221600 3.09518e-05
221700 3.09331e-05
221800 3.09145e-05
221900 3.08959e-05
222000 3.08773e-05
222100 3.08588e-05
222200 3.08404e-05
222300 3.0822e-05
222400 3.08036e-05
222500 3.07853e-05
222600 3.07671e-05
222700 3.07489e-05
222800 3.07307e-05
222900 3.07126e-05
223000 3.06946e-05
223100 3.06766e-05
223200 3.06587e-05
223300 3.06408e-05
223400 3.0623e-05
223500 3.06052e-05
223600 3.05875e-05
223700 3.05698e-05
223800 3.05521e-05
223900 3.05346e-05
224000 3.0517e-05
224100 3.04995e-05
224200 3.04821e-05
224300 3.04647e-05
224400 3.04474e-05
224500 3.04301e-05
224600 3.04128e-05
224700 3.03957e-05
224800 3.03785e-05
224900 3.03614e-05
225000 3.03444e-05
225100 3.03274e-05
225200 3.03104e-05
225300 3.02935e-05
225400 3.02767e-05
225500 3.02599e-05
225600 3.02431e-05
225700 3.02264e-05
225800 3.02097e-05
225900 3.01931e-05
226000 3.01766e-05
226100 3.016e-05
226200 3.01436e-05
226300 3.01271e-05
226400 3.01107e-05
226500 3.00944e-05
226600 3.00781e-05
226700 3.00619e-05
226800 3.00457e-05
226900 3.00295e-05
227000 3.00134e-05
