100 373 -0.067538 0.314428
179 374 -0.0629361 0.187106
231 373 -0.0629361 0.0889301
296 372 -0.0629361 -0.0383921
400 365 -0.0629361 -0.208666
490 368 -0.0614018 -0.314159
492 365 -0.0614018 -0.314159
526 240 -0.214802 -0.314159
526 238 -0.214802 -0.314159
429 239 -0.216336 -0.277696
424 240 -0.216336 -0.277696
352 244 -0.219404 -0.17185
354 245 -0.219404 -0.17185
306 248 -0.219404 -0.096684
306 249 -0.219404 -0.09515
242 248 -0.231676 0.0183661
244 249 -0.231676 0.0183661
169 256 -0.231676 0.147222
170 257 -0.230142 0.145688
110 226 -0.289968 0.243864
110 227 -0.289968 0.243864
86 100 -0.469446 0.220854
85 101 -0.47098 0.220854
167 87 -0.47098 0.108872
163 93 -0.469446 0.108872
229 84 -0.469446 0.00916195
228 84 -0.469446 0.00916195
304 83 -0.469446 -0.073674
304 85 -0.467912 -0.073674
393 86 -0.464844 -0.191792
395 85 -0.464844 -0.191792
480 84 -0.452572 -0.288434
479 86 -0.451038 -0.288434
546 92 -0.4403 -0.314159
547 96 -0.435698 -0.314159
